3.01
2.40
1.88
1.45
1.19
1.29
1.85
2.55
3.17
3.62
3.64
3.14
2.53
1.98
1.53
1.22
1.23
1.71
2.40
3.06
3.56
3.70
3.28
2.66
2.10
1.63
1.27
1.20
1.59
2.26
2.93
3.48
3.71
3.42
2.81
2.22
1.73
1.34
1.19
1.48
2.13
2.81
3.38
3.71
3.53
2.95
2.35
1.83
1.42
1.19
1.38
1.98
2.67
3.28
3.69
3.63
3.10
2.48
1.94
1.50
1.22
1.30
1.87
2.55
3.17
3.64
3.70
3.26
2.62
2.06
1.59
1.27
1.26
1.73
2.41
3.06
3.57
3.75
3.39
2.77
2.18
1.70
1.32
1.23
1.60
2.27
2.93
3.48
3.75
3.49
2.89
2.31
1.78
1.38
1.20
1.45
2.11
2.77
3.35
3.70
3.54
2.97
2.37
1.84
1.42
1.17
1.30
1.86
2.56
3.18
3.61
3.57
3.04
2.45
1.91
1.48
1.17
1.19
1.67
2.37
3.04
3.51
3.60
3.15
2.54
1.99
1.55
1.21
1.14
1.52
2.21
2.88
3.43
3.63
3.27
2.67
2.11
1.65
1.27
1.12
1.41
2.06
2.76
3.34
3.64
3.40
2.81
2.23
1.74
1.34
1.13
1.32
1.93
2.62
3.26
3.63
3.51
2.96
2.36
1.85
1.43
1.16
1.25
1.79
2.50
3.13
3.59
3.60
3.11
2.50
1.96
1.52
1.20
1.20
1.66
2.36
3.02
3.52
3.68
3.25
2.63
2.07
1.61
1.26
1.17
1.53
2.21
2.88
3.44
3.68
3.38
2.78
2.19
1.71
1.32
1.16
1.42
2.06
2.76
3.34
3.68
3.50
2.91
2.32
1.81
1.40
1.17
1.32
1.92
2.61
3.23
3.64
3.58
3.05
2.44
1.91
1.48
1.19
1.26
1.78
2.48
3.11
3.59
3.65
3.19
2.58
2.02
1.57
1.24
1.21
1.65
2.34
3.00
3.51
3.69
3.32
2.70
2.14
1.66
1.30
1.17
1.52
2.18
2.86
3.42
3.70
3.47
2.84
2.25
1.75
1.35
1.16
1.40
2.05
2.72
3.31
3.68
3.54
2.98
2.37
1.85
1.43
1.18
1.30
1.88
2.57
3.20
3.63
3.62
3.10
2.50
1.95
1.51
1.20
1.23
1.74
2.42
3.07
3.57
3.67
3.24
2.61
2.07
1.59
1.25
1.19
1.59
2.27
2.94
3.48
3.70
3.35
2.75
2.17
1.70
1.30
1.16
1.47
2.13
2.81
3.38
3.69
3.48
2.88
2.29
1.77
1.37
1.17
1.36
1.97
2.66
3.27
3.66
3.57
3.02
2.40
1.88
1.46
1.18
1.28
1.82
2.52
3.15
3.62
3.64
3.15
2.54
1.99
1.55
1.22
1.21
1.68
2.38
3.03
3.54
3.68
3.28
2.66
2.10
1.63
1.29
1.18
1.54
2.22
2.89
3.45
3.69
3.42
2.79
2.20
1.72
1.33
1.19
1.42
2.07
2.76
3.34
3.69
3.52
2.93
2.33
1.82
1.41
1.17
1.34
1.93
2.62
3.24
3.65
3.61
3.07
2.45
1.92
1.49
1.22
1.27
1.79
2.49
3.13
3.60
3.67
3.23
2.59
2.03
1.57
1.24
1.22
1.66
2.35
3.01
3.52
3.70
3.34
2.72
2.15
1.67
1.30
1.17
1.51
2.18
2.85
3.42
3.70
3.45
2.84
2.25
1.75
1.35
1.17
1.39
2.03
2.70
3.30
3.67
3.53
2.96
2.36
1.84
1.43
1.17
1.30
1.85
2.55
3.18
3.62
3.62
3.10
2.49
1.95
1.51
1.20
1.23
1.74
2.42
3.06
3.56
3.67
3.24
2.62
2.06
1.60
1.26
1.19
1.59
2.28
2.94
3.48
3.70
3.37
2.76
2.17
1.69
1.31
1.17
1.47
2.12
2.81
3.38
3.69
3.48
2.88
2.30
1.78
1.38
1.16
1.36
1.97
2.67
3.28
3.70
3.70
3.21
2.58
2.01
1.57
1.32
1.50
2.11
2.78
3.36
3.78
3.80
3.30
2.65
2.08
1.61
1.26
1.16
1.52
2.18
2.87
3.40
3.52
3.10
2.51
1.97
1.53
1.20
1.10
1.47
2.15
2.84
3.41
3.66
3.37
2.78
2.19
1.71
1.32
1.15
1.41
2.05
2.75
3.33
3.68
3.52
2.93
2.33
1.82
1.41
1.17
1.32
1.92
2.61
3.23
3.65
3.61
3.08
2.46
1.93
1.49
1.20
1.26
1.78
2.48
3.11
3.59
3.67
3.25
2.60
2.04
1.58
1.25
1.22
1.65
2.34
3.00
3.52
3.72
3.36
2.74
2.16
1.68
1.31
1.18
1.52
2.19
2.86
3.43
3.71
3.48
2.88
2.28
1.77
1.37
1.18
1.42
2.07
2.74
3.32
3.70
3.58
3.02
2.40
1.88
1.45
1.20
1.32
1.90
2.59
3.21
3.65
3.67
3.15
2.54
1.98
1.53
1.23
1.26
1.76
2.46
3.09
3.59
3.71
3.31
2.68
2.11
1.64
1.29
1.23
1.65
2.35
2.99
3.52
3.76
3.45
2.83
2.24
1.74
1.35
1.21
1.54
2.19
2.87
3.43
3.75
3.56
2.97
2.36
1.84
1.42
1.20
1.40
2.01
2.70
3.31
3.70
3.61
3.05
2.44
1.91
1.48
1.19
1.26
1.80
2.50
3.13
3.60
3.61
3.13
2.51
1.97
1.52
1.20
1.17
1.61
2.30
2.96
3.48
3.62
3.21
2.60
2.05
1.59
1.24
1.12
1.48
2.13
2.82
3.39
3.63
3.33
2.74
2.16
1.69
1.30
1.12
1.36
1.99
2.69
3.29
3.64
3.46
2.88
2.29
1.78
1.38
1.14
1.28
1.86
2.56
3.18
3.61
3.58
3.03
2.42
1.90
1.47
1.18
1.21
1.73
2.43
3.07
3.56
3.64
3.18
2.57
2.01
1.56
1.22
1.18
1.60
2.28
2.95
3.48
3.68
3.31
2.71
2.13
1.65
1.29
1.16
1.49
2.14
2.83
3.40
3.68
3.44
2.84
2.27
1.75
1.35
1.15
1.38
1.99
2.69
3.29
3.67
3.55
2.99
2.38
1.86
1.43
1.17
1.29
1.85
2.56
3.18
3.62
3.63
3.11
2.50
1.96
1.52
1.21
1.22
1.71
2.40
3.07
3.56
3.67
3.25
2.63
2.08
1.60
1.26
1.18
1.58
2.26
2.93
3.48
3.70
3.38
2.77
2.18
1.72
1.32
1.17
1.45
2.10
2.79
3.37
3.69
3.49
2.90
2.30
1.79
1.40
1.17
1.35
1.96
2.65
3.26
3.66
3.58
3.04
2.42
1.90
1.47
1.19
1.27
1.81
2.52
3.14
3.61
3.66
3.17
2.56
2.00
1.55
1.23
1.21
1.67
2.36
3.02
3.53
3.69
3.30
2.68
2.11
1.64
1.27
1.18
1.53
2.21
2.88
3.44
3.70
3.42
2.81
2.22
1.74
1.34
1.16
1.41
2.05
2.74
3.33
3.68
3.52
2.94
2.35
1.83
1.41
1.17
1.31
1.90
2.60
3.22
3.64
3.61
3.08
2.47
1.93
1.50
1.21
1.25
1.76
2.46
3.10
3.59
3.67
3.25
2.60
2.04
1.58
1.25
1.22
1.63
2.32
2.99
3.50
3.70
3.35
2.73
2.16
1.67
1.30
1.17
1.51
2.16
2.84
3.41
3.70
3.46
2.86
2.27
1.77
1.36
1.17
1.38
2.00
2.70
3.29
3.68
3.56
3.00
2.39
1.87
1.45
1.18
1.29
1.86
2.58
3.18
3.63
3.63
3.13
2.51
1.97
1.52
1.21
1.23
1.73
2.41
3.05
3.56
3.69
3.26
2.65
2.08
1.62
1.27
1.19
1.59
2.27
2.94
3.48
3.71
3.40
2.79
2.20
1.71
1.33
1.17
1.47
2.11
2.79
3.37
3.70
3.49
2.90
2.31
1.80
1.39
1.17
1.34
1.95
2.64
3.26
3.66
3.57
3.03
2.42
1.89
1.46
1.18
1.25
1.79
2.49
3.12
3.59
3.64
3.16
2.55
1.99
1.55
1.22
1.20
1.65
2.34
3.00
3.52
3.68
3.29
2.67
2.11
1.64
1.28
1.17
1.53
2.20
2.87
3.43
3.70
3.42
2.82
2.23
1.74
1.34
1.17
1.42
2.05
2.74
3.32
3.68
3.52
2.94
2.34
1.83
1.43
1.17
1.31
1.89
2.59
3.20
3.65
3.68
3.19
2.56
2.01
1.56
1.30
1.42
1.99
2.68
3.27
3.74
3.85
3.42
2.78
2.18
1.70
1.32
1.22
1.54
2.20
2.87
3.41
3.56
3.17
2.57
2.02
1.57
1.21
1.09
1.41
2.05
2.75
3.34
3.64
3.41
2.83
2.24
1.74
1.35
1.14
1.36
1.98
2.68
3.28
3.67
3.55
3.00
2.39
1.86
1.44
1.18
1.31
1.85
2.55
3.18
3.63
3.64
3.13
2.52
1.97
1.52
1.21
1.23
1.73
2.41
3.06
3.56
3.69
3.29
2.65
2.08
1.62
1.27
1.19
1.58
2.26
2.93
3.48
3.71
3.40
2.82
2.20
1.72
1.33
1.17
1.47
2.12
2.80
3.38
3.70
3.52
2.93
2.33
1.81
1.40
1.18
1.37
1.97
2.67
3.27
3.69
3.62
3.07
2.46
1.92
1.49
1.21
1.32
1.84
2.56
3.16
3.63
3.69
3.22
2.60
2.04
1.58
1.25
1.24
1.71
2.40
3.07
3.56
3.73
3.36
2.74
2.17
1.68
1.30
1.21
1.59
2.27
2.93
3.48
3.75
3.49
2.89
2.29
1.81
1.38
1.21
1.48
2.12
2.81
3.38
3.73
3.60
3.03
2.41
1.88
1.45
1.21
1.37
1.96
2.66
3.29
3.69
3.66
3.13
2.51
1.97
1.52
1.22
1.25
1.75
2.45
3.09
3.59
3.65
3.19
2.58
2.02
1.57
1.22
1.19
1.56
2.24
2.92
3.46
3.64
3.27
2.66
2.10
1.63
1.26
1.12
1.41
2.06
2.76
3.34
3.63
3.38
2.79
2.21
1.73
1.32
1.14
1.31
1.92
2.62
3.24
3.64
3.50
2.93
2.34
1.83
1.41
1.15
1.24
1.79
2.50
3.13
3.59
3.59
3.08
2.47
1.94
1.50
1.19
1.19
1.67
2.37
3.03
3.53
3.65
3.23
2.62
2.06
1.59
1.25
1.17
1.55
2.23
2.90
3.45
3.68
3.36
2.77
2.17
1.69
1.31
1.15
1.45
2.08
2.76
3.35
3.68
3.48
2.89
2.30
1.78
1.38
1.16
1.33
1.93
2.63
3.24
3.65
3.58
3.04
2.42
1.90
1.47
1.18
1.26
1.79
2.51
3.12
3.59
3.65
3.17
2.57
2.00
1.55
1.23
1.20
1.65
2.35
3.00
3.52
3.69
3.31
2.69
2.14
1.65
1.28
1.18
1.52
2.20
2.87
3.43
3.70
3.42
2.82
2.22
1.74
1.34
1.16
1.39
2.03
2.73
3.32
3.68
3.52
2.95
2.35
1.83
1.41
1.17
1.30
1.89
2.59
3.20
3.64
3.61
3.09
2.47
1.94
1.50
1.20
1.24
1.74
2.45
3.08
3.57
3.67
3.22
2.61
2.05
1.60
1.25
1.19
1.61
2.30
2.96
3.49
3.70
3.35
2.74
2.17
1.68
1.33
1.17
1.49
2.15
2.83
3.40
3.70
3.47
2.87
2.27
1.78
1.37
1.18
1.37
1.99
2.69
3.28
3.67
3.56
3.00
2.39
1.87
1.47
1.18
1.29
1.85
2.54
3.17
3.62
3.64
3.14
2.52
1.98
1.53
1.22
1.22
1.70
2.39
3.04
3.55
3.68
3.26
2.65
2.08
1.61
1.27
1.18
1.57
2.25
2.92
3.47
3.70
3.40
2.79
2.21
1.72
1.33
1.17
1.46
2.11
2.79
3.37
3.70
3.55
2.94
2.34
1.82
1.41
1.18
1.36
1.96
2.65
3.26
3.67
3.60
3.05
2.44
1.91
1.47
1.19
1.26
1.79
2.49
3.12
3.59
3.64
3.16
2.55
2.00
1.55
1.22
1.19
1.63
2.33
2.99
3.51
3.68
3.29
2.68
2.11
1.64
1.28
1.17
1.51
2.18
2.86
3.43
3.69
3.42
2.82
2.23
1.74
1.34
1.16
1.40
2.03
2.73
3.32
3.68
3.53
2.96
2.36
1.84
1.43
1.17
1.31
1.89
2.59
3.21
3.64
3.61
3.09
2.47
1.94
1.50
1.20
1.23
1.73
2.43
3.07
3.57
3.67
3.24
2.63
2.06
1.60
1.28
1.30
1.80
2.49
3.12
3.63
3.87
3.61
2.98
2.36
1.84
1.42
1.26
1.54
2.15
2.82
3.39
3.63
3.32
2.73
2.15
1.68
1.29
1.09
1.23
1.81
2.53
3.16
3.56
3.45
2.93
2.32
1.81
1.39
1.14
1.27
1.80
2.51
3.14
3.60
3.62
3.12
2.51
1.97
1.52
1.21
1.22
1.70
2.39
3.04
3.55
3.68
3.26
2.65
2.09
1.62
1.27
1.19
1.57
2.24
2.91
3.46
3.70
3.39
2.80
2.20
1.71
1.33
1.17
1.48
2.09
2.78
3.36
3.69
3.50
2.92
2.35
1.80
1.40
1.17
1.34
1.94
2.64
3.25
3.67
3.60
3.06
2.44
1.91
1.48
1.20
1.27
1.80
2.51
3.14
3.61
3.67
3.20
2.59
2.03
1.57
1.24
1.23
1.69
2.38
3.02
3.54
3.71
3.35
2.73
2.15
1.67
1.30
1.19
1.56
2.23
2.90
3.45
3.73
3.48
2.88
2.28
1.78
1.37
1.20
1.46
2.11
2.79
3.36
3.73
3.61
3.03
2.42
1.89
1.49
1.21
1.37
1.96
2.65
3.28
3.69
3.68
3.17
2.54
1.99
1.54
1.24
1.29
1.80
2.50
3.13
3.62
3.71
3.27
2.65
2.08
1.63
1.27
1.24
1.62
2.30
2.97
3.50
3.69
3.34
2.72
2.15
1.67
1.30
1.14
1.43
2.09
2.77
3.36
3.65
3.43
2.80
2.22
1.73
1.33
1.13
1.30
1.91
2.61
3.22
3.61
3.48
2.93
2.33
1.82
1.41
1.14
1.22
1.75
2.46
3.10
3.56
3.56
3.06
2.48
1.93
1.49
1.18
1.17
1.63
2.33
2.99
3.50
3.63
3.21
2.60
2.04
1.58
1.24
1.14
1.52
2.19
2.87
3.42
3.66
3.35
2.75
2.17
1.69
1.31
1.14
1.41
2.05
2.74
3.33
3.66
3.48
2.89
2.29
1.79
1.38
1.15
1.31
1.91
2.61
3.22
3.64
3.57
3.03
2.42
1.90
1.47
1.18
1.25
1.77
2.47
3.11
3.59
3.65
3.17
2.57
2.01
1.55
1.22
1.20
1.66
2.33
2.99
3.51
3.68
3.31
2.69
2.12
1.65
1.28
1.17
1.52
2.18
2.86
3.42
3.70
3.44
2.85
2.24
1.77
1.35
1.16
1.41
2.03
2.73
3.32
3.68
3.54
2.97
2.38
1.84
1.42
1.18
1.30
1.89
2.58
3.20
3.64
3.61
3.10
2.48
1.95
1.50
1.20
1.24
1.74
2.45
3.08
3.57
3.67
3.23
2.61
2.05
1.59
1.25
1.19
1.60
2.28
2.95
3.48
3.70
3.36
2.74
2.17
1.68
1.30
1.16
1.48
2.14
2.82
3.39
3.69
3.47
2.88
2.28
1.79
1.37
1.16
1.37
1.98
2.69
3.28
3.67
3.56
3.00
2.40
1.88
1.46
1.18
1.28
1.84
2.54
3.17
3.62
3.64
3.15
2.53
1.98
1.53
1.22
1.22
1.69
2.39
3.04
3.54
3.69
3.27
2.66
2.09
1.63
1.27
1.18
1.56
2.24
2.92
3.46
3.71
3.41
2.80
2.21
1.72
1.36
1.17
1.45
2.10
2.79
3.36
3.70
3.52
2.94
2.34
1.82
1.41
1.18
1.34
1.94
2.64
3.25
3.66
3.60
3.06
2.45
1.92
1.51
1.19
1.25
1.78
2.48
3.12
3.60
3.65
3.19
2.57
2.02
1.56
1.23
1.19
1.63
2.32
2.98
3.50
3.68
3.30
2.69
2.12
1.64
1.28
1.16
1.51
2.17
2.85
3.41
3.70
3.43
2.83
2.23
1.74
1.36
1.16
1.40
2.02
2.72
3.31
3.68
3.54
2.97
2.36
1.85
1.42
1.18
1.30
1.87
2.58
3.20
3.63
3.61
3.09
2.48
1.95
1.51
1.20
1.26
1.73
2.42
3.07
3.57
3.68
3.26
2.64
2.08
1.61
1.29
1.30
1.81
2.49
3.12
3.63
3.88
3.65
3.01
2.39
1.86
1.45
1.29
1.54
2.17
2.84
3.40
3.63
3.31
2.71
2.15
1.67
1.29
1.07
1.22
1.82
2.53
3.16
3.57
3.50
2.93
2.34
1.82
1.41
1.15
1.25
1.80
2.51
3.14
3.60
3.62
3.13
2.52
1.97
1.53
1.22
1.23
1.69
2.38
3.04
3.54
3.68
3.28
2.66
2.10
1.63
1.27
1.18
1.59
2.24
2.91
3.47
3.70
3.40
2.80
2.21
1.72
1.33
1.17
1.44
2.09
2.78
3.36
3.70
3.52
2.93
2.34
1.82
1.41
1.17
1.35
1.94
2.64
3.25
3.66
3.61
3.07
2.48
1.93
1.49
1.20
1.27
1.80
2.50
3.13
3.61
3.68
3.22
2.60
2.06
1.58
1.25
1.22
1.67
2.37
3.02
3.53
3.72
3.36
2.74
2.16
1.68
1.30
1.20
1.56
2.22
2.89
3.45
3.73
3.50
2.89
2.29
1.78
1.40
1.20
1.46
2.10
2.78
3.36
3.73
3.63
3.05
2.42
1.90
1.47
1.24
1.37
1.96
2.65
3.26
3.69
3.69
3.18
2.56
2.00
1.55
1.25
1.29
1.80
2.49
3.13
3.61
3.74
3.29
2.66
2.10
1.62
1.28
1.21
1.61
2.30
2.96
3.49
3.70
3.35
2.73
2.16
1.68
1.30
1.15
1.43
2.08
2.77
3.35
3.65
3.41
2.82
2.24
1.74
1.35
1.13
1.32
1.90
2.61
3.22
3.61
3.53
2.95
2.35
1.84
1.42
1.14
1.22
1.76
2.46
3.10
3.57
3.58
3.08
2.48
1.94
1.51
1.19
1.18
1.63
2.32
2.99
3.50
3.64
3.23
2.62
2.06
1.60
1.25
1.15
1.54
2.19
2.86
3.43
3.67
3.38
2.76
2.18
1.70
1.31
1.15
1.41
2.05
2.74
3.33
3.67
3.48
2.92
2.31
1.80
1.39
1.16
1.31
1.91
2.63
3.23
3.64
3.59
3.05
2.44
1.91
1.48
1.18
1.25
1.78
2.47
3.13
3.59
3.65
3.19
2.57
2.02
1.56
1.23
1.19
1.64
2.33
2.99
3.51
3.69
3.32
2.71
2.14
1.66
1.29
1.17
1.52
2.18
2.85
3.42
3.70
3.45
2.84
2.25
1.75
1.35
1.16
1.40
2.03
2.72
3.31
3.69
3.55
2.98
2.38
1.87
1.43
1.18
1.30
1.88
2.58
3.20
3.64
3.63
3.11
2.50
1.96
1.52
1.21
1.24
1.74
2.43
3.07
3.57
3.68
3.25
2.62
2.06
1.60
1.25
1.19
1.60
2.28
2.94
3.49
3.70
3.36
2.76
2.17
1.69
1.31
1.16
1.47
2.13
2.81
3.38
3.71
3.48
2.88
2.28
1.78
1.40
1.16
1.36
1.97
2.67
3.27
3.67
3.57
3.02
2.41
1.89
1.46
1.21
1.28
1.83
2.53
3.16
3.62
3.65
3.15
2.54
1.99
1.54
1.22
1.22
1.69
2.39
3.04
3.54
3.69
3.29
2.67
2.10
1.63
1.28
1.18
1.55
2.23
2.90
3.45
3.70
3.41
2.80
2.21
1.72
1.33
1.17
1.44
2.08
2.77
3.35
3.69
3.52
2.93
2.33
1.81
1.40
1.17
1.34
1.93
2.62
3.24
3.65
3.60
3.07
2.45
1.92
1.49
1.23
1.25
1.77
2.47
3.11
3.60
3.67
3.21
2.59
2.03
1.57
1.24
1.21
1.65
2.34
3.00
3.52
3.71
3.33
2.71
2.14
1.66
1.29
1.17
1.51
2.17
2.85
3.42
3.70
3.45
2.83
2.24
1.74
1.35
1.16
1.38
2.01
2.70
3.30
3.67
3.53
2.96
2.36
1.84
1.42
1.17
1.31
1.87
2.57
3.19
3.63
3.61
3.10
2.49
1.94
1.51
1.20
1.22
1.72
2.42
3.06
3.57
3.67
3.24
2.62
2.06
1.59
1.25
1.18
1.59
2.28
2.94
3.48
3.70
3.36
2.75
2.17
1.69
1.31
1.16
1.48
2.12
2.80
3.38
3.70
3.49
2.91
2.31
1.80
1.40
1.23
1.52
2.17
2.85
3.41
3.82
3.80
3.29
2.65
2.08
1.61
1.31
1.38
1.92
2.60
3.21
3.62
3.54
2.99
2.39
1.86
1.44
1.12
1.09
1.53
2.23
2.91
3.45
3.61
3.22
2.61
2.05
1.59
1.24
1.15
1.52
2.22
2.88
3.44
3.69
3.39
2.79
2.20
1.71
1.33
1.16
1.43
2.08
2.76
3.35
3.69
3.53
2.94
2.33
1.82
1.41
1.17
1.34
1.94
2.63
3.25
3.66
3.61
3.10
2.46
1.93
1.49
1.20
1.26
1.79
2.50
3.13
3.60
3.67
3.21
2.59
2.03
1.57
1.24
1.21
1.66
2.35
3.00
3.54
3.71
3.34
2.72
2.15
1.67
1.30
1.18
1.53
2.20
2.88
3.44
3.72
3.47
2.86
2.27
1.76
1.37
1.18
1.43
2.06
2.77
3.34
3.70
3.58
3.01
2.40
1.87
1.45
1.20
1.34
1.93
2.62
3.23
3.67
3.67
3.16
2.54
2.00
1.54
1.23
1.28
1.80
2.50
3.12
3.61
3.73
3.31
2.69
2.11
1.66
1.29
1.24
1.67
2.36
3.02
3.54
3.76
3.45
2.83
2.23
1.74
1.34
1.21
1.54
2.20
2.87
3.44
3.75
3.54
2.94
2.33
1.83
1.41
1.19
1.39
2.00
2.69
3.29
3.68
3.58
3.01
2.40
1.87
1.45
1.17
1.25
1.79
2.49
3.14
3.58
3.60
3.09
2.48
1.96
1.51
1.19
1.16
1.62
2.31
2.98
3.50
3.63
3.20
2.60
2.04
1.60
1.23
1.13
1.49
2.17
2.85
3.41
3.66
3.34
2.73
2.17
1.68
1.30
1.13
1.39
2.03
2.72
3.32
3.66
3.47
2.88
2.29
1.79
1.38
1.16
1.30
1.89
2.60
3.21
3.65
3.57
3.04
2.42
1.89
1.47
1.18
1.23
1.75
2.45
3.10
3.58
3.64
3.17
2.56
2.00
1.55
1.22
1.19
1.63
2.32
2.98
3.51
3.69
3.30
2.69
2.12
1.66
1.28
1.16
1.50
2.17
2.85
3.41
3.69
3.43
2.83
2.24
1.74
1.35
1.16
1.40
2.03
2.72
3.32
3.68
3.54
2.97
2.36
1.85
1.42
1.19
1.30
1.88
2.58
3.20
3.65
3.62
3.10
2.49
1.95
1.51
1.21
1.24
1.74
2.44
3.08
3.58
3.68
3.24
2.62
2.06
1.59
1.25
1.19
1.60
2.30
2.96
3.49
3.71
3.37
2.76
2.17
1.69
1.31
1.19
1.49
2.15
2.83
3.40
3.71
3.49
2.89
2.29
1.78
1.38
1.17
1.37
1.99
2.68
3.28
3.68
3.57
3.02
2.41
1.88
1.45
1.18
1.28
1.83
2.54
3.16
3.63
3.64
3.15
2.53
1.98
1.53
1.21
1.22
1.69
2.39
3.04
3.55
3.69
3.27
2.67
2.09
1.62
1.26
1.17
1.58
2.23
2.91
3.46
3.70
3.40
2.79
2.20
1.72
1.33
1.16
1.44
2.12
2.78
3.36
3.70
3.51
2.92
2.33
1.81
1.40
1.17
1.34
1.94
2.63
3.25
3.66
3.61
3.05
2.46
1.91
1.48
1.19
1.26
1.79
2.49
3.13
3.60
3.67
3.19
2.58
2.02
1.56
1.23
1.21
1.66
2.35
3.01
3.53
3.71
3.33
2.72
2.14
1.65
1.29
1.18
1.53
2.20
2.88
3.44
3.71
3.46
2.84
2.25
1.75
1.35
1.16
1.41
2.05
2.74
3.35
3.69
3.54
2.96
2.37
1.84
1.42
1.17
1.31
1.89
2.61
3.21
3.64
3.63
3.09
2.48
1.94
1.50
1.19
1.23
1.74
2.43
3.09
3.57
3.67
3.23
2.61
2.07
1.59
1.25
1.19
1.60
2.29
2.95
3.49
3.70
3.35
2.74
2.16
1.67
1.30
1.16
1.47
2.14
2.83
3.39
3.70
3.47
2.87
2.28
1.77
1.37
1.15
1.36
1.98
2.68
3.30
3.67
3.56
3.00
2.39
1.86
1.45
1.18
1.30
1.88
2.58
3.20
3.67
3.77
3.35
2.72
2.14
1.69
1.35
1.43
1.97
2.65
3.25
3.71
3.80
3.35
2.70
2.12
1.64
1.27
1.12
1.41
2.06
2.75
3.33
3.57
3.24
2.64
2.09
1.62
1.26
1.10
1.38
2.03
2.74
3.32
3.67
3.48
2.89
2.30
1.79
1.38
1.15
1.32
1.93
2.63
3.25
3.66
3.59
3.05
2.43
1.91
1.47
1.20
1.26
1.80
2.50
3.13
3.61
3.67
3.19
2.58
2.02
1.56
1.23
1.21
1.66
2.36
3.02
3.53
3.73
3.33
2.71
2.13
1.66
1.29
1.17
1.54
2.21
2.89
3.45
3.72
3.45
2.84
2.25
1.75
1.35
1.17
1.43
2.06
2.75
3.34
3.71
3.56
2.98
2.38
1.85
1.43
1.18
1.33
1.93
2.62
3.24
3.67
3.66
3.13
2.51
1.96
1.52
1.21
1.27
1.79
2.48
3.12
3.61
3.71
3.30
2.64
2.08
1.61
1.27
1.25
1.67
2.36
3.02
3.54
3.75
3.42
2.80
2.21
1.72
1.34
1.21
1.56
2.22
2.89
3.46
3.76
3.55
2.95
2.34
1.81
1.41
1.20
1.45
2.08
2.77
3.35
3.73
3.64
3.09
2.45
1.92
1.49
1.21
1.32
1.90
2.60
3.21
3.66
3.67
3.16
2.54
1.98
1.53
1.21
1.21
1.69
2.39
3.04
3.54
3.66
3.23
2.61
2.05
1.58
1.24
1.15
1.52
2.19
2.87
3.43
3.66
3.32
2.71
2.14
1.66
1.29
1.12
1.39
2.03
2.73
3.32
3.65
3.44
2.85
2.28
1.76
1.36
1.13
1.30
1.89
2.60
3.21
3.63
3.54
2.99
2.39
1.86
1.44
1.16
1.22
1.76
2.46
3.10
3.58
3.62
3.14
2.52
1.98
1.53
1.20
1.18
1.64
2.33
2.99
3.51
3.68
3.27
2.66
2.09
1.63
1.26
1.15
1.51
2.18
2.86
3.43
3.70
3.41
2.81
2.21
1.73
1.33
1.15
1.42
2.04
2.74
3.33
3.69
3.54
2.94
2.34
1.82
1.41
1.16
1.31
1.92
2.60
3.22
3.65
3.61
3.09
2.47
1.93
1.50
1.19
1.24
1.76
2.46
3.10
3.59
3.68
3.22
2.60
2.04
1.58
1.24
1.19
1.62
2.31
2.97
3.51
3.70
3.34
2.73
2.15
1.67
1.30
1.17
1.50
2.17
2.84
3.41
3.71
3.47
2.87
2.27
1.76
1.37
1.16
1.40
2.02
2.71
3.31
3.69
3.57
3.00
2.41
1.87
1.44
1.18
1.30
1.88
2.57
3.19
3.64
3.65
3.14
2.51
1.97
1.52
1.22
1.23
1.73
2.45
3.07
3.57
3.70
3.26
2.66
2.08
1.61
1.26
1.18
1.59
2.27
2.95
3.48
3.71
3.38
2.76
2.19
1.70
1.31
1.16
1.46
2.12
2.81
3.38
3.70
3.49
2.90
2.30
1.79
1.39
1.16
1.35
1.96
2.68
3.26
3.67
3.59
3.04
2.42
1.89
1.46
1.19
1.27
1.83
2.52
3.15
3.63
3.66
3.17
2.55
2.01
1.54
1.22
1.21
1.68
2.37
3.03
3.54
3.70
3.30
2.67
2.11
1.63
1.27
1.17
1.55
2.22
2.90
3.45
3.71
3.44
2.82
2.22
1.74
1.34
1.16
1.43
2.07
2.77
3.35
3.70
3.54
2.98
2.35
1.83
1.41
1.17
1.34
1.94
2.63
3.25
3.67
3.62
3.08
2.46
1.93
1.49
1.20
1.25
1.78
2.48
3.11
3.60
3.68
3.21
2.59
2.06
1.57
1.24
1.19
1.63
2.33
2.98
3.51
3.70
3.33
2.70
2.14
1.66
1.29
1.16
1.51
2.17
2.85
3.42
3.70
3.45
2.84
2.27
1.75
1.35
1.15
1.39
2.05
2.71
3.31
3.69
3.55
2.98
2.37
1.85
1.42
1.17
1.30
1.88
2.58
3.20
3.64
3.63
3.11
2.50
1.95
1.51
1.20
1.23
1.73
2.42
3.07
3.57
3.70
3.27
2.65
2.08
1.61
1.28
1.29
1.78
2.46
3.10
3.61
3.88
3.63
3.00
2.38
1.85
1.44
1.27
1.54
2.19
2.85
3.42
3.67
3.35
2.74
2.17
1.68
1.30
1.08
1.24
1.84
2.55
3.17
3.59
3.50
2.95
2.36
1.84
1.43
1.15
1.25
1.81
2.53
3.15
3.61
3.65
3.14
2.52
1.98
1.53
1.21
1.21
1.69
2.38
3.03
3.55
3.70
3.29
2.67
2.10
1.63
1.27
1.18
1.57
2.25
2.92
3.47
3.73
3.42
2.81
2.22
1.73
1.33
1.17
1.45
2.10
2.79
3.36
3.70
3.53
2.94
2.34
1.82
1.41
1.17
1.34
1.95
2.65
3.25
3.67
3.62
3.08
2.46
1.93
1.49
1.20
1.27
1.81
2.51
3.14
3.61
3.70
3.22
2.60
2.04
1.57
1.25
1.22
1.68
2.37
3.03
3.55
3.73
3.36
2.74
2.16
1.68
1.30
1.20
1.56
2.24
2.91
3.48
3.75
3.50
2.89
2.29
1.78
1.38
1.20
1.47
2.11
2.79
3.37
3.74
3.62
3.04
2.42
1.89
1.46
1.21
1.37
1.96
2.66
3.28
3.70
3.70
3.18
2.55
2.00
1.54
1.25
1.29
1.81
2.51
3.14
3.63
3.73
3.29
2.65
2.09
1.62
1.27
1.20
1.62
2.31
2.98
3.50
3.70
3.35
2.73
2.15
1.67
1.30
1.14
1.44
2.10
2.79
3.37
3.67
3.42
2.82
2.23
1.74
1.34
1.12
1.31
1.93
2.64
3.24
3.63
3.50
2.94
2.34
1.83
1.41
1.14
1.23
1.78
2.49
3.13
3.58
3.59
3.08
2.47
1.94
1.50
1.18
1.18
1.65
2.35
3.01
3.52
3.66
3.23
2.61
2.05
1.58
1.24
1.15
1.53
2.20
2.89
3.44
3.68
3.36
2.75
2.17
1.69
1.33
1.14
1.42
2.07
2.76
3.35
3.68
3.48
2.89
2.30
1.78
1.38
1.17
1.32
1.93
2.63
3.24
3.65
3.58
3.04
2.42
1.90
1.48
1.18
1.25
1.79
2.50
3.13
3.60
3.66
3.18
2.56
2.00
1.55
1.22
1.20
1.66
2.36
3.01
3.54
3.70
3.31
2.69
2.12
1.64
1.28
1.16
1.53
2.20
2.88
3.44
3.71
3.43
2.82
2.23
1.74
1.35
1.15
1.44
2.05
2.74
3.33
3.69
3.55
2.95
2.35
1.83
1.41
1.16
1.31
1.90
2.60
3.22
3.66
3.62
3.08
2.47
1.93
1.50
1.20
1.25
1.76
2.46
3.10
3.59
3.68
3.22
2.60
2.04
1.58
1.24
1.19
1.65
2.31
2.97
3.50
3.70
3.37
2.73
2.15
1.67
1.30
1.16
1.50
2.16
2.84
3.41
3.71
3.46
2.85
2.26
1.76
1.36
1.16
1.38
2.00
2.70
3.30
3.68
3.56
2.99
2.38
1.86
1.44
1.17
1.29
1.85
2.56
3.18
3.63
3.64
3.13
2.51
1.96
1.51
1.21
1.23
1.72
2.41
3.06
3.56
3.69
3.26
2.64
2.08
1.61
1.26
1.18
1.59
2.27
2.94
3.48
3.71
3.40
2.77
2.19
1.70
1.32
1.16
1.47
2.12
2.81
3.38
3.71
3.50
2.91
2.31
1.79
1.38
1.17
1.36
1.98
2.68
3.28
3.68
3.60
3.04
2.44
1.90
1.47
1.19
1.27
1.82
2.51
3.14
3.61
3.65
3.17
2.54
1.99
1.54
1.22
1.20
1.67
2.37
3.02
3.53
3.69
3.28
2.67
2.10
1.63
1.27
1.17
1.53
2.22
2.89
3.45
3.71
3.42
2.81
2.22
1.73
1.33
1.16
1.43
2.10
2.76
3.34
3.70
3.52
2.94
2.34
1.84
1.41
1.17
1.32
1.92
2.62
3.23
3.66
3.62
3.08
2.49
1.93
1.49
1.19
1.25
1.77
2.47
3.11
3.59
3.67
3.20
2.58
2.03
1.57
1.24
1.21
1.67
2.36
3.02
3.54
3.80
3.52
2.92
2.30
1.79
1.41
1.33
1.76
2.43
3.07
3.59
3.83
3.52
2.88
2.28
1.77
1.36
1.13
1.29
1.88
2.58
3.19
3.57
3.39
2.83
2.24
1.77
1.35
1.10
1.22
1.79
2.51
3.14
3.59
3.59
3.08
2.47
1.94
1.50
1.19
1.22
1.72
2.42
3.06
3.57
3.69
3.25
2.63
2.07
1.60
1.25
1.18
1.60
2.29
2.95
3.49
3.71
3.38
2.77
2.18
1.73
1.31
1.17
1.48
2.14
2.82
3.39
3.71
3.51
2.90
2.31
1.79
1.39
1.17
1.38
1.99
2.69
3.29
3.69
3.60
3.04
2.43
1.90
1.47
1.19
1.29
1.86
2.55
3.17
3.66
3.67
3.18
2.56
2.00
1.56
1.23
1.23
1.72
2.41
3.06
3.56
3.75
3.32
2.70
2.13
1.65
1.28
1.20
1.59
2.27
2.94
3.48
3.74
3.46
2.84
2.25
1.75
1.36
1.19
1.49
2.14
2.82
3.39
3.74
3.58
2.99
2.38
1.85
1.44
1.21
1.40
2.00
2.69
3.30
3.71
3.70
3.14
2.51
1.97
1.52
1.26
1.31
1.87
2.56
3.18
3.65
3.73
3.27
2.64
2.07
1.60
1.27
1.27
1.69
2.38
3.03
3.54
3.72
3.33
2.72
2.14
1.66
1.29
1.16
1.50
2.16
2.84
3.41
3.68
3.41
2.79
2.21
1.72
1.32
1.13
1.35
1.97
2.67
3.27
3.64
3.48
2.91
2.31
1.80
1.39
1.13
1.24
1.81
2.52
3.15
3.59
3.56
3.04
2.42
1.90
1.47
1.17
1.19
1.68
2.39
3.04
3.54
3.63
3.18
2.57
2.01
1.56
1.22
1.16
1.56
2.24
2.92
3.46
3.67
3.31
2.71
2.14
1.66
1.29
1.14
1.45
2.11
2.79
3.37
3.68
3.44
2.84
2.26
1.75
1.35
1.15
1.34
1.96
2.66
3.26
3.66
3.55
2.99
2.38
1.88
1.44
1.17
1.27
1.82
2.53
3.16
3.61
3.63
3.13
2.51
1.97
1.52
1.20
1.21
1.70
2.39
3.04
3.55
3.69
3.28
2.65
2.11
1.62
1.26
1.18
1.57
2.25
2.92
3.47
3.71
3.40
2.79
2.20
1.72
1.32
1.16
1.45
2.10
2.79
3.36
3.70
3.51
2.91
2.33
1.80
1.39
1.16
1.34
1.94
2.64
3.25
3.67
3.59
3.04
2.43
1.90
1.47
1.19
1.26
1.80
2.52
3.13
3.60
3.67
3.17
2.56
2.00
1.55
1.22
1.20
1.66
2.36
3.01
3.53
3.70
3.31
2.69
2.13
1.64
1.28
1.17
1.53
2.21
2.88
3.44
3.71
3.43
2.83
2.23
1.74
1.34
1.16
1.42
2.06
2.74
3.33
3.69
3.55
2.96
2.36
1.84
1.42
1.17
1.32
1.91
2.61
3.23
3.65
3.62
3.09
2.47
1.94
1.50
1.20
1.24
1.76
2.47
3.11
3.59
3.69
3.23
2.60
2.04
1.58
1.25
1.20
1.64
2.33
3.00
3.52
3.71
3.36
2.74
2.17
1.68
1.30
1.17
1.51
2.17
2.85
3.41
3.71
3.47
2.86
2.27
1.79
1.36
1.16
1.38
2.00
2.70
3.29
3.67
3.55
2.98
2.38
1.85
1.43
1.17
1.28
1.85
2.55
3.19
3.62
3.63
3.12
2.50
1.96
1.52
1.20
1.22
1.71
2.40
3.05
3.56
3.68
3.25
2.63
2.07
1.60
1.25
1.18
1.58
2.26
2.94
3.47
3.70
3.38
2.76
2.17
1.69
1.31
1.16
1.46
2.11
2.80
3.40
3.70
3.49
2.90
2.30
1.79
1.38
1.16
1.35
1.96
2.66
3.26
3.68
3.65
3.13
2.51
1.96
1.52
1.28
1.46
2.06
2.74
3.33
3.77
3.84
3.37
2.71
2.13
1.65
1.29
1.21
1.59
2.27
2.93
3.46
3.56
3.11
2.52
1.97
1.53
1.19
1.10
1.41
2.09
2.78
3.36
3.63
3.34
2.74
2.17
1.69
1.30
1.14
1.41
2.05
2.75
3.35
3.68
3.52
2.93
2.33
1.82
1.40
1.19
1.33
1.94
2.63
3.25
3.67
3.62
3.08
2.47
1.93
1.50
1.20
1.27
1.79
2.49
3.12
3.60
3.69
3.22
2.60
2.04
1.58
1.25
1.21
1.65
2.35
3.00
3.52
3.71
3.37
2.73
2.15
1.67
1.30
1.18
1.52
2.20
2.88
3.44
3.72
3.48
2.90
2.27
1.77
1.37
1.17
1.45
2.05
2.74
3.34
3.70
3.58
3.00
2.39
1.87
1.44
1.21
1.32
1.93
2.62
3.24
3.67
3.67
3.16
2.54
1.99
1.54
1.23
1.28
1.80
2.49
3.12
3.62
3.74
3.30
2.69
2.11
1.63
1.28
1.24
1.67
2.35
3.01
3.54
3.76
3.44
2.82
2.22
1.73
1.34
1.22
1.54
2.20
2.88
3.44
3.76
3.54
2.95
2.34
1.83
1.41
1.20
1.42
2.04
2.72
3.32
3.70
3.60
3.04
2.42
1.89
1.46
1.18
1.28
1.83
2.54
3.16
3.62
3.62
3.12
2.50
1.96
1.52
1.19
1.18
1.64
2.36
3.00
3.51
3.63
3.20
2.60
2.04
1.59
1.23
1.13
1.50
2.17
2.85
3.41
3.64
3.32
2.72
2.14
1.67
1.29
1.11
1.38
2.03
2.72
3.32
3.65
3.45
2.86
2.27
1.76
1.36
1.13
1.29
1.88
2.61
3.21
3.62
3.54
3.00
2.40
1.87
1.45
1.16
1.22
1.75
2.45
3.09
3.57
3.62
3.14
2.53
1.99
1.54
1.21
1.18
1.63
2.32
2.98
3.50
3.67
3.28
2.66
2.10
1.63
1.27
1.15
1.50
2.17
2.86
3.42
3.69
3.41
2.81
2.22
1.73
1.34
1.15
1.40
2.03
2.73
3.32
3.68
3.52
2.94
2.34
1.83
1.40
1.17
1.30
1.89
2.59
3.21
3.64
3.60
3.07
2.46
1.93
1.50
1.19
1.23
1.74
2.44
3.09
3.58
3.67
3.22
2.60
2.04
1.58
1.25
1.18
1.60
2.29
2.96
3.50
3.70
3.33
2.72
2.15
1.67
1.30
1.18
1.49
2.15
2.83
3.40
3.70
3.47
2.86
2.27
1.76
1.37
1.16
1.38
2.00
2.70
3.30
3.68
3.55
2.99
2.38
1.86
1.43
1.17
1.29
1.85
2.55
3.18
3.63
3.63
3.11
2.50
1.96
1.51
1.20
1.23
1.71
2.40
3.05
3.55
3.68
3.25
2.62
2.07
1.60
1.26
1.17
1.58
2.26
2.93
3.48
3.70
3.38
2.77
2.18
1.70
1.31
1.18
1.46
2.11
2.80
3.38
3.70
3.49
2.90
2.31
1.79
1.39
1.17
1.38
1.98
2.69
3.28
3.68
3.59
3.04
2.42
1.89
1.46
1.19
1.27
1.81
2.51
3.14
3.61
3.65
3.17
2.54
1.99
1.54
1.22
1.21
1.66
2.36
3.01
3.53
3.68
3.27
2.65
2.09
1.62
1.27
1.16
1.55
2.20
2.88
3.44
3.69
3.40
2.79
2.20
1.71
1.32
1.16
1.42
2.06
2.75
3.34
3.69
3.51
2.93
2.33
1.81
1.40
1.17
1.33
1.92
2.61
3.24
3.65
3.61
3.07
2.47
1.92
1.49
1.20
1.25
1.77
2.47
3.11
3.59
3.66
3.20
2.58
2.02
1.56
1.23
1.21
1.66
2.36
3.01
3.53
3.79
3.51
2.91
2.30
1.78
1.41
1.34
1.78
2.45
3.08
3.61
3.86
3.59
2.95
2.36
1.81
1.40
1.16
1.30
1.88
2.58
3.20
3.55
3.36
2.80
2.22
1.73
1.34
1.09
1.21
1.77
2.48
3.13
3.58
3.57
3.06
2.46
1.93
1.49
1.19
1.22
1.72
2.42
3.07
3.57
3.68
3.24
2.62
2.07
1.60
1.25
1.19
1.61
2.30
2.96
3.49
3.71
3.37
2.76
2.17
1.69
1.31
1.17
1.48
2.14
2.82
3.39
3.70
3.49
2.89
2.29
1.78
1.38
1.17
1.37
2.00
2.69
3.28
3.68
3.58
3.03
2.41
1.89
1.46
1.19
1.30
1.86
2.56
3.18
3.63
3.67
3.17
2.55
2.00
1.55
1.23
1.25
1.73
2.42
3.06
3.57
3.71
3.31
2.69
2.12
1.64
1.29
1.21
1.60
2.29
2.95
3.49
3.74
3.45
2.83
2.24
1.74
1.34
1.19
1.50
2.15
2.85
3.40
3.73
3.58
2.98
2.38
1.85
1.43
1.21
1.40
2.01
2.70
3.30
3.71
3.67
3.13
2.50
1.98
1.52
1.23
1.32
1.87
2.57
3.19
3.68
3.72
3.25
2.62
2.06
1.59
1.26
1.24
1.71
2.39
3.05
3.56
3.72
3.33
2.71
2.13
1.65
1.29
1.17
1.51
2.18
2.85
3.43
3.68
3.38
2.78
2.20
1.71
1.32
1.15
1.35
1.98
2.68
3.28
3.63
3.46
2.88
2.29
1.78
1.40
1.13
1.25
1.82
2.53
3.16
3.60
3.57
3.02
2.41
1.89
1.46
1.16
1.19
1.69
2.39
3.04
3.54
3.62
3.16
2.55
2.00
1.55
1.21
1.16
1.57
2.26
2.94
3.47
3.67
3.30
2.70
2.13
1.65
1.28
1.14
1.49
2.13
2.82
3.39
3.68
3.44
2.83
2.25
1.75
1.35
1.15
1.36
1.99
2.68
3.28
3.67
3.54
2.98
2.37
1.85
1.43
1.17
1.28
1.83
2.54
3.17
3.62
3.62
3.11
2.50
1.96
1.52
1.20
1.22
1.71
2.40
3.05
3.56
3.68
3.26
2.63
2.07
1.60
1.26
1.19
1.58
2.26
2.93
3.47
3.70
3.38
2.78
2.18
1.70
1.32
1.16
1.47
2.12
2.80
3.38
3.70
3.50
2.90
2.30
1.79
1.38
1.17
1.36
1.99
2.66
3.26
3.67
3.58
3.04
2.42
1.91
1.46
1.18
1.27
1.81
2.54
3.15
3.61
3.65
3.17
2.55
2.00
1.54
1.22
1.21
1.67
2.37
3.03
3.54
3.69
3.30
2.67
2.14
1.63
1.27
1.18
1.55
2.22
2.90
3.45
3.70
3.41
2.81
2.22
1.73
1.33
1.16
1.43
2.07
2.79
3.35
3.69
3.53
2.94
2.34
1.82
1.40
1.17
1.33
1.93
2.62
3.25
3.66
3.60
3.07
2.45
1.95
1.48
1.19
1.26
1.78
2.48
3.11
3.59
3.67
3.20
2.59
2.03
1.57
1.24
1.20
1.65
2.33
2.99
3.52
3.70
3.33
2.71
2.14
1.66
1.29
1.17
1.52
2.18
2.86
3.45
3.71
3.45
2.85
2.25
1.75
1.35
1.16
1.40
2.03
2.72
3.31
3.68
3.55
2.97
2.37
1.85
1.45
1.17
1.31
1.89
2.59
3.23
3.65
3.66
3.12
2.50
1.96
1.52
1.21
1.24
1.74
2.45
3.09
3.61
3.70
3.26
2.64
2.07
1.61
1.26
1.20
1.61
2.29
2.96
3.49
3.72
3.37
2.75
2.17
1.69
1.33
1.16
1.48
2.13
2.82
3.38
3.70
3.47
2.87
2.28
1.78
1.37
1.18
1.36
1.98
2.67
3.27
3.67
3.57
3.01
2.40
1.87
1.45
1.18
1.28
1.84
2.54
3.17
3.62
3.65
3.15
2.53
1.98
1.53
1.22
1.22
1.72
2.40
3.05
3.56
3.70
3.29
2.66
2.09
1.62
1.27
1.19
1.57
2.25
2.92
3.47
3.71
3.40
2.78
2.20
1.71
1.32
1.16
1.45
2.09
2.78
3.36
3.71
3.58
3.01
2.41
1.88
1.46
1.28
1.55
2.19
2.86
3.43
3.83
3.80
3.31
2.63
2.06
1.59
1.27
1.27
1.74
2.42
3.07
3.52
3.52
3.01
2.42
1.89
1.46
1.15
1.11
1.56
2.25
2.93
3.47
3.64
3.26
2.65
2.10
1.62
1.26
1.15
1.52
2.19
2.87
3.43
3.70
3.43
2.83
2.23
1.76
1.34
1.16
1.42
2.05
2.75
3.33
3.69
3.54
2.96
2.35
1.83
1.42
1.17
1.32
1.91
2.61
3.22
3.66
3.62
3.10
2.48
1.94
1.50
1.20
1.25
1.77
2.46
3.10
3.59
3.68
3.23
2.61
2.05
1.60
1.25
1.20
1.64
2.33
3.01
3.52
3.71
3.37
2.75
2.17
1.69
1.31
1.18
1.52
2.19
2.86
3.43
3.72
3.49
2.89
2.29
1.81
1.38
1.18
1.41
2.04
2.73
3.32
3.70
3.60
3.03
2.42
1.89
1.46
1.20
1.33
1.91
2.61
3.24
3.66
3.68
3.19
2.56
2.01
1.55
1.24
1.27
1.78
2.47
3.11
3.60
3.74
3.32
2.70
2.12
1.64
1.29
1.23
1.66
2.34
3.00
3.53
3.76
3.46
2.83
2.24
1.74
1.37
1.21
1.52
2.18
2.86
3.42
3.74
3.53
2.94
2.33
1.82
1.40
1.20
1.36
1.96
2.66
3.27
3.68
3.56
3.00
2.39
1.87
1.48
1.16
1.23
1.76
2.46
3.10
3.57
3.59
3.10
2.49
1.95
1.51
1.18
1.16
1.61
2.30
2.97
3.48
3.63
3.22
2.61
2.05
1.59
1.24
1.13
1.49
2.16
2.84
3.41
3.68
3.36
2.75
2.17
1.69
1.31
1.13
1.38
2.02
2.72
3.31
3.66
3.49
2.90
2.30
1.80
1.39
1.15
1.30
1.89
2.59
3.21
3.66
3.58
3.04
2.43
1.90
1.47
1.17
1.23
1.75
2.45
3.10
3.58
3.65
3.19
2.56
2.01
1.55
1.23
1.18
1.62
2.31
2.97
3.49
3.69
3.31
2.70
2.13
1.65
1.28
1.16
1.50
2.17
2.85
3.41
3.71
3.45
2.83
2.25
1.75
1.35
1.16
1.40
2.03
2.72
3.32
3.68
3.56
2.97
2.37
1.85
1.43
1.18
1.30
1.88
2.59
3.21
3.65
3.63
3.13
2.50
1.96
1.52
1.21
1.26
1.74
2.44
3.08
3.57
3.69
3.25
2.62
2.06
1.59
1.26
1.19
1.60
2.29
2.95
3.49
3.70
3.36
2.75
2.17
1.69
1.30
1.18
1.48
2.14
2.83
3.40
3.70
3.48
2.88
2.29
1.78
1.38
1.16
1.37
1.99
2.68
3.29
3.68
3.60
3.02
2.40
1.88
1.45
1.18
1.29
1.86
2.55
3.17
3.63
3.65
3.15
2.53
1.98
1.53
1.22
1.23
1.70
2.40
3.04
3.55
3.69
3.27
2.65
2.09
1.62
1.27
1.18
1.57
2.24
2.94
3.46
3.70
3.40
2.79
2.19
1.71
1.32
1.16
1.44
2.10
2.78
3.36
3.70
3.51
2.93
2.32
1.81
1.40
1.17
1.34
1.95
2.64
3.26
3.67
3.60
3.05
2.44
1.91
1.48
1.19
1.26
1.81
2.50
3.13
3.61
3.66
3.19
2.57
2.01
1.56
1.23
1.21
1.67
2.36
3.02
3.54
3.70
3.32
2.70
2.12
1.65
1.28
1.18
1.54
2.20
2.91
3.44
3.74
3.44
2.83
2.23
1.74
1.38
1.15
1.42
2.05
2.75
3.34
3.69
3.54
2.96
2.36
1.84
1.42
1.19
1.32
1.91
2.61
3.23
3.68
3.64
3.09
2.48
1.94
1.50
1.20
1.25
1.76
2.47
3.11
3.59
3.69
3.23
2.61
2.05
1.59
1.25
1.20
1.63
2.32
2.98
3.51
3.71
3.35
2.74
2.16
1.67
1.30
1.20
1.50
2.16
2.84
3.41
3.70
3.46
2.85
2.26
1.76
1.36
1.16
1.37
2.00
2.70
3.30
3.68
3.55
2.99
2.39
1.85
1.43
1.17
1.29
1.85
2.56
3.18
3.63
3.63
3.12
2.50
1.96
1.51
1.21
1.22
1.72
2.41
3.06
3.56
3.68
3.26
2.64
2.07
1.61
1.26
1.18
1.59
2.27
2.93
3.48
3.70
3.41
2.77
2.18
1.70
1.31
1.15
1.46
2.13
2.80
3.37
3.72
3.55
2.99
2.36
1.84
1.43
1.26
1.57
2.21
2.88
3.44
3.84
3.82
3.29
2.64
2.07
1.60
1.28
1.30
1.77
2.46
3.10
3.54
3.50
2.98
2.38
1.86
1.43
1.13
1.11
1.57
2.29
2.95
3.48
3.63
3.24
2.63
2.07
1.60
1.25
1.15
1.51
2.19
2.89
3.43
3.69
3.40
2.80
2.22
1.72
1.33
1.16
1.43
2.07
2.76
3.35
3.70
3.52
2.94
2.34
1.83
1.41
1.17
1.33
1.93
2.63
3.24
3.66
3.62
3.08
2.46
1.93
1.49
1.20
1.26
1.79
2.49
3.15
3.61
3.68
3.22
2.59
2.03
1.57
1.24
1.20
1.65
2.34
3.00
3.52
3.71
3.34
2.73
2.15
1.67
1.30
1.18
1.53
2.20
2.88
3.44
3.72
3.48
2.87
2.27
1.77
1.37
1.18
1.43
2.07
2.75
3.34
3.71
3.58
3.01
2.40
1.88
1.44
1.21
1.33
1.93
2.63
3.24
3.70
3.68
3.16
2.54
1.98
1.54
1.23
1.28
1.80
2.50
3.13
3.62
3.73
3.31
2.68
2.10
1.63
1.30
1.24
1.68
2.36
3.02
3.54
3.76
3.44
2.82
2.22
1.72
1.34
1.21
1.54
2.20
2.88
3.44
3.74
3.52
2.92
2.31
1.80
1.40
1.18
1.38
2.00
2.69
3.29
3.68
3.55
2.99
2.38
1.86
1.44
1.17
1.25
1.81
2.50
3.13
3.60
3.59
3.08
2.47
1.93
1.50
1.18
1.18
1.63
2.33
2.99
3.50
3.63
3.20
2.59
2.04
1.58
1.23
1.13
1.50
2.18
2.86
3.43
3.66
3.33
2.73
2.16
1.68
1.30
1.13
1.40
2.05
2.75
3.33
3.67
3.46
2.87
2.28
1.77
1.37
1.14
1.31
1.91
2.61
3.23
3.64
3.57
3.02
2.44
1.88
1.46
1.18
1.24
1.77
2.48
3.12
3.60
3.65
3.17
2.55
2.00
1.54
1.22
1.19
1.65
2.34
3.00
3.52
3.69
3.29
2.68
2.11
1.64
1.27
1.16
1.54
2.19
2.87
3.43
3.70
3.43
2.81
2.22
1.73
1.34
1.16
1.41
2.05
2.74
3.33
3.69
3.53
2.95
2.35
1.83
1.41
1.17
1.31
1.90
2.60
3.22
3.65
3.62
3.08
2.47
1.93
1.50
1.19
1.24
1.76
2.46
3.09
3.59
3.68
3.24
2.60
2.04
1.58
1.24
1.19
1.63
2.31
2.98
3.50
3.70
3.35
2.75
2.16
1.67
1.30
1.17
1.50
2.17
2.84
3.41
3.71
3.48
2.86
2.27
1.77
1.36
1.17
1.39
2.02
2.71
3.30
3.69
3.57
3.03
2.39
1.86
1.44
1.18
1.31
1.87
2.57
3.19
3.64
3.64
3.13
2.52
1.96
1.52
1.21
1.22
1.73
2.41
3.06
3.57
3.69
3.26
2.63
2.07
1.60
1.25
1.18
1.58
2.26
2.93
3.48
3.71
3.38
2.79
2.18
1.70
1.31
1.16
1.47
2.12
2.80
3.38
3.70
3.49
2.90
2.30
1.79
1.38
1.16
1.35
1.97
2.66
3.26
3.67
3.60
3.04
2.42
1.89
1.47
1.18
1.30
1.82
2.52
3.15
3.62
3.66
3.17
2.55
2.00
1.54
1.22
1.21
1.69
2.38
3.03
3.55
3.70
3.30
2.68
2.11
1.63
1.28
1.18
1.55
2.23
2.90
3.45
3.72
3.42
2.83
2.22
1.73
1.33
1.16
1.43
2.08
2.77
3.35
3.70
3.53
2.94
2.34
1.82
1.41
1.17
1.33
1.93
2.62
3.24
3.66
3.61
3.07
2.46
1.92
1.49
1.19
1.25
1.77
2.47
3.11
3.60
3.67
3.21
2.59
2.03
1.57
1.24
1.20
1.65
2.33
2.99
3.52
3.71
3.35
2.72
2.15
1.66
1.29
1.17
1.52
2.18
2.86
3.43
3.72
3.46
2.85
2.26
1.76
1.36
1.17
1.41
2.04
2.74
3.33
3.70
3.56
2.99
2.38
1.86
1.43
1.17
1.30
1.89
2.58
3.20
3.65
3.63
3.11
2.49
1.95
1.51
1.20
1.23
1.73
2.42
3.07
3.57
3.68
3.24
2.63
2.05
1.59
1.25
1.18
1.60
2.28
2.94
3.49
3.70
3.36
2.75
2.17
1.68
1.30
1.16
1.47
2.13
2.82
3.39
3.70
3.48
2.88
2.28
1.78
1.38
1.16
1.36
1.98
2.68
3.28
3.68
3.59
3.02
2.40
1.88
1.45
1.18
1.28
1.83
2.54
3.16
3.63
3.65
3.15
2.53
1.98
1.53
1.22
1.27
1.80
2.50
3.13
3.64
3.86
3.53
2.89
2.29
1.78
1.40
1.34
1.77
2.45
3.08
3.60
3.76
3.36
2.73
2.14
1.66
1.28
1.09
1.30
1.92
2.63
3.24
3.60
3.41
2.83
2.25
1.75
1.36
1.13
1.30
1.90
2.61
3.22
3.64
3.59
3.04
2.42
1.91
1.47
1.18
1.25
1.79
2.49
3.12
3.61
3.68
3.20
2.57
2.02
1.56
1.23
1.20
1.66
2.35
3.01
3.53
3.71
3.33
2.71
2.13
1.65
1.28
1.17
1.54
2.21
2.88
3.44
3.72
3.45
2.84
2.25
1.75
1.35
1.17
1.42
2.06
2.75
3.33
3.70
3.55
2.98
2.37
1.85
1.43
1.18
1.32
1.91
2.61
3.23
3.66
3.66
3.12
2.50
1.96
1.51
1.22
1.26
1.78
2.48
3.11
3.60
3.70
3.26
2.63
2.07
1.60
1.26
1.21
1.66
2.35
3.00
3.53
3.75
3.41
2.78
2.19
1.71
1.33
1.20
1.55
2.20
2.88
3.44
3.75
3.53
2.93
2.33
1.81
1.40
1.20
1.44
2.07
2.76
3.34
3.72
3.64
3.09
2.46
1.92
1.49
1.22
1.35
1.93
2.62
3.24
3.68
3.70
3.21
2.58
2.02
1.56
1.25
1.26
1.76
2.45
3.09
3.59
3.70
3.27
2.65
2.09
1.61
1.26
1.17
1.56
2.23
2.91
3.46
3.69
3.35
2.73
2.16
1.68
1.30
1.13
1.42
2.05
2.74
3.33
3.66
3.43
2.84
2.25
1.75
1.35
1.12
1.29
1.88
2.59
3.21
3.62
3.53
2.98
2.38
1.86
1.44
1.15
1.22
1.75
2.46
3.10
3.57
3.61
3.12
2.51
1.97
1.52
1.20
1.17
1.63
2.32
2.98
3.51
3.68
3.29
2.66
2.09
1.62
1.26
1.18
1.52
2.18
2.87
3.43
3.70
3.41
2.82
2.21
1.72
1.33
1.15
1.41
2.05
2.74
3.33
3.69
3.51
2.93
2.34
1.82
1.40
1.16
1.30
1.90
2.60
3.22
3.65
3.61
3.10
2.46
1.92
1.49
1.19
1.25
1.75
2.46
3.10
3.59
3.68
3.22
2.59
2.04
1.58
1.24
1.19
1.65
2.32
2.98
3.51
3.70
3.36
2.72
2.15
1.66
1.29
1.16
1.50
2.17
2.85
3.41
3.71
3.46
2.86
2.26
1.76
1.36
1.16
1.40
2.02
2.71
3.31
3.70
3.57
3.01
2.39
1.86
1.44
1.18
1.30
1.87
2.57
3.19
3.64
3.64
3.13
2.51
1.96
1.52
1.21
1.23
1.73
2.42
3.07
3.57
3.70
3.26
2.64
2.07
1.61
1.26
1.18
1.59
2.27
2.94
3.49
3.71
3.39
2.77
2.18
1.70
1.31
1.16
1.46
2.14
2.81
3.38
3.70
3.49
2.89
2.30
1.79
1.38
1.16
1.36
1.97
2.67
3.27
3.68
3.60
3.03
2.42
1.89
1.46
1.18
1.27
1.85
2.52
3.15
3.62
3.66
3.16
2.54
1.99
1.54
1.22
1.20
1.68
2.39
3.03
3.54
3.70
3.29
2.68
2.10
1.63
1.28
1.17
1.55
2.22
2.90
3.46
3.71
3.44
2.81
2.22
1.73
1.33
1.16
1.43
2.07
2.77
3.35
3.70
3.53
2.94
2.34
1.82
1.41
1.17
1.32
1.93
2.62
3.24
3.66
3.63
3.08
2.46
1.93
1.49
1.19
1.26
1.81
2.48
3.12
3.60
3.68
3.22
2.60
2.03
1.58
1.24
1.20
1.64
2.34
3.00
3.52
3.71
3.34
2.72
2.15
1.66
1.29
1.17
1.52
2.18
2.86
3.43
3.71
3.47
2.86
2.26
1.76
1.36
1.16
1.40
2.03
2.72
3.31
3.70
3.57
3.01
2.39
1.87
1.44
1.18
1.32
1.89
2.59
3.21
3.65
3.65
3.12
2.50
1.96
1.52
1.21
1.23
1.73
2.43
3.07
3.57
3.69
3.24
2.62
2.07
1.60
1.25
1.18
1.59
2.27
2.94
3.48
3.71
3.37
2.75
2.17
1.69
1.30
1.15
1.46
2.12
2.80
3.38
3.70
3.48
2.87
2.28
1.78
1.37
1.16
1.35
1.98
2.66
3.27
3.67
3.58
3.02
2.40
1.89
1.45
1.18
1.27
1.82
2.55
3.15
3.62
3.65
3.15
2.53
1.98
1.53
1.21
1.20
1.67
2.37
3.02
3.54
3.70
3.32
2.69
2.12
1.65
1.30
1.28
1.74
2.43
3.07
3.59
3.88
3.66
3.06
2.41
1.88
1.45
1.24
1.46
2.07
2.78
3.34
3.64
3.38
2.78
2.21
1.72
1.32
1.09
1.22
1.81
2.52
3.15
3.59
3.54
3.01
2.41
1.88
1.46
1.17
1.22
1.76
2.47
3.10
3.59
3.66
3.19
2.59
2.02
1.56
1.23
1.19
1.65
2.34
2.99
3.52
3.71
3.35
2.72
2.15
1.66
1.29
1.17
1.52
2.20
2.87
3.44
3.72
3.47
2.86
2.27
1.76
1.36
1.17
1.42
2.05
2.75
3.33
3.70
3.57
2.99
2.39
1.86
1.44
1.18
1.31
1.90
2.60
3.21
3.67
3.65
3.14
2.51
1.96
1.52
1.21
1.26
1.76
2.48
3.11
3.60
3.71
3.27
2.65
2.08
1.61
1.26
1.20
1.63
2.32
2.98
3.51
3.74
3.41
2.79
2.21
1.71
1.32
1.19
1.52
2.18
2.86
3.42
3.74
3.54
2.93
2.33
1.81
1.40
1.19
1.42
2.05
2.76
3.33
3.72
3.65
3.09
2.50
1.93
1.49
1.22
1.33
1.90
2.61
3.22
3.69
3.72
3.23
2.60
2.04
1.58
1.25
1.27
1.76
2.45
3.09
3.60
3.75
3.34
2.71
2.13
1.65
1.29
1.19
1.57
2.25
2.92
3.47
3.71
3.40
2.78
2.20
1.71
1.32
1.14
1.40
2.03
2.73
3.32
3.66
3.46
2.89
2.28
1.77
1.37
1.13
1.28
1.86
2.57
3.19
3.61
3.55
3.00
2.39
1.87
1.45
1.16
1.21
1.73
2.43
3.08
3.57
3.62
3.14
2.53
2.01
1.53
1.20
1.16
1.60
2.29
2.96
3.49
3.67
3.28
2.67
2.10
1.63
1.26
1.14
1.49
2.15
2.83
3.40
3.69
3.41
2.81
2.24
1.73
1.33
1.14
1.37
2.02
2.70
3.30
3.67
3.53
2.96
2.35
1.83
1.41
1.16
1.29
1.87
2.57
3.19
3.63
3.62
3.09
2.47
1.94
1.50
1.19
1.22
1.74
2.43
3.10
3.57
3.68
3.23
2.61
2.05
1.59
1.25
1.18
1.60
2.28
2.95
3.49
3.71
3.37
2.75
2.17
1.69
1.30
1.16
1.48
2.14
2.82
3.40
3.70
3.49
2.88
2.28
1.78
1.37
1.16
1.36
1.98
2.68
3.28
3.68
3.58
3.02
2.41
1.89
1.45
1.18
1.27
1.83
2.56
3.17
3.62
3.65
3.15
2.53
1.98
1.53
1.22
1.21
1.70
2.39
3.04
3.55
3.70
3.28
2.66
2.11
1.62
1.27
1.17
1.56
2.25
2.91
3.47
3.72
3.41
2.80
2.20
1.72
1.33
1.16
1.44
2.09
2.78
3.36
3.70
3.51
2.92
2.35
1.81
1.40
1.16
1.33
1.93
2.63
3.24
3.66
3.60
3.06
2.44
1.91
1.48
1.19
1.25
1.78
2.50
3.12
3.60
3.67
3.20
2.57
2.02
1.56
1.23
1.20
1.65
2.34
3.01
3.53
3.70
3.33
2.71
2.16
1.66
1.29
1.17
1.52
2.20
2.87
3.43
3.72
3.45
2.85
2.25
1.75
1.35
1.16
1.41
2.04
2.73
3.32
3.70
3.56
2.98
2.38
1.85
1.43
1.18
1.30
1.89
2.59
3.21
3.65
3.64
3.14
2.50
1.96
1.51
1.21
1.23
1.74
2.43
3.08
3.58
3.69
3.25
2.63
2.06
1.60
1.25
1.19
1.61
2.30
2.97
3.50
3.72
3.37
2.75
2.19
1.69
1.30
1.16
1.48
2.14
2.83
3.39
3.71
3.48
2.88
2.28
1.79
1.37
1.16
1.36
1.98
2.67
3.27
3.67
3.57
3.01
2.42
1.88
1.45
1.17
1.27
1.83
2.53
3.16
3.62
3.65
3.15
2.53
2.01
1.53
1.21
1.20
1.69
2.40
3.04
3.54
3.69
3.28
2.66
2.09
1.64
1.27
1.17
1.55
2.23
2.93
3.46
3.71
3.41
2.80
2.21
1.72
1.32
1.15
1.43
2.08
2.77
3.35
3.70
3.53
2.95
2.34
1.84
1.41
1.22
1.49
2.13
2.82
3.38
3.80
3.82
3.32
2.67
2.10
1.62
1.31
1.35
1.86
2.55
3.17
3.62
3.60
3.07
2.46
1.96
1.48
1.16
1.09
1.49
2.18
2.86
3.41
3.60
3.22
2.61
2.06
1.60
1.24
1.12
1.47
2.15
2.83
3.40
3.69
3.43
2.83
2.24
1.74
1.35
1.15
1.40
2.03
2.73
3.33
3.70
3.56
2.98
2.37
1.85
1.43
1.17
1.30
1.90
2.60
3.21
3.68
3.65
3.12
2.51
1.96
1.52
1.21
1.24
1.76
2.45
3.09
3.59
3.70
3.26
2.64
2.08
1.60
1.27
1.20
1.62
2.30
2.97
3.50
3.72
3.39
2.77
2.18
1.70
1.32
1.18
1.50
2.17
2.85
3.41
3.72
3.51
2.91
2.31
1.79
1.39
1.18
1.39
2.02
2.71
3.32
3.70
3.62
3.06
2.44
1.90
1.48
1.20
1.31
1.87
2.57
3.20
3.66
3.70
3.21
2.59
2.03
1.59
1.25
1.26
1.76
2.45
3.10
3.60
3.75
3.37
2.73
2.16
1.67
1.31
1.23
1.63
2.31
2.97
3.51
3.77
3.48
2.87
2.27
1.79
1.37
1.20
1.50
2.15
2.83
3.40
3.74
3.57
2.98
2.36
1.84
1.42
1.18
1.35
1.96
2.64
3.25
3.67
3.60
3.05
2.44
1.93
1.47
1.18
1.22
1.74
2.43
3.08
3.56
3.62
3.13
2.52
1.97
1.53
1.19
1.15
1.58
2.26
2.93
3.47
3.65
3.26
2.64
2.09
1.61
1.25
1.12
1.45
2.12
2.80
3.38
3.66
3.38
2.78
2.19
1.71
1.32
1.12
1.34
1.97
2.69
3.27
3.65
3.50
2.92
2.36
1.81
1.40
1.14
1.26
1.83
2.54
3.17
3.61
3.59
3.07
2.46
1.93
1.49
1.18
1.21
1.70
2.41
3.05
3.55
3.66
3.22
2.59
2.04
1.58
1.23
1.16
1.57
2.26
2.93
3.47
3.69
3.35
2.74
2.17
1.68
1.30
1.16
1.46
2.14
2.81
3.38
3.70
3.48
2.88
2.29
1.79
1.38
1.16
1.36
1.97
2.67
3.27
3.67
3.58
3.02
2.41
1.88
1.45
1.18
1.27
1.82
2.52
3.19
3.62
3.64
3.15
2.53
1.99
1.53
1.21
1.20
1.68
2.40
3.03
3.54
3.69
3.28
2.66
2.09
1.63
1.27
1.17
1.54
2.22
2.90
3.45
3.71
3.41
2.80
2.21
1.72
1.33
1.15
1.44
2.09
2.77
3.35
3.70
3.52
2.94
2.34
1.84
1.41
1.17
1.33
1.93
2.63
3.24
3.66
3.61
3.07
2.46
1.92
1.49
1.19
1.25
1.78
2.48
3.11
3.60
3.67
3.20
2.58
2.02
1.56
1.23
1.19
1.64
2.33
2.98
3.51
3.70
3.32
2.70
2.13
1.66
1.29
1.16
1.51
2.17
2.85
3.42
3.70
3.45
2.84
2.25
1.75
1.35
1.16
1.39
2.03
2.72
3.31
3.69
3.55
2.99
2.37
1.85
1.43
1.17
1.30
1.88
2.59
3.21
3.66
3.65
3.13
2.51
1.96
1.52
1.21
1.24
1.74
2.44
3.08
3.58
3.70
3.26
2.64
2.07
1.60
1.26
1.19
1.61
2.30
2.96
3.49
3.72
3.39
2.77
2.19
1.71
1.32
1.17
1.48
2.13
2.83
3.39
3.70
3.49
2.89
2.30
1.78
1.40
1.16
1.35
1.96
2.66
3.27
3.66
3.57
3.02
2.40
1.90
1.45
1.17
1.27
1.81
2.52
3.15
3.61
3.66
3.15
2.53
1.98
1.53
1.21
1.20
1.67
2.37
3.05
3.54
3.69
3.28
2.66
2.10
1.63
1.27
1.16
1.54
2.22
2.89
3.45
3.70
3.41
2.80
2.21
1.74
1.33
1.15
1.43
2.07
2.76
3.35
3.69
3.52
2.93
2.34
1.81
1.40
1.16
1.32
1.92
2.62
3.24
3.68
3.70
3.22
2.58
2.04
1.57
1.30
1.44
2.03
2.71
3.30
3.75
3.85
3.40
2.75
2.16
1.68
1.30
1.19
1.55
2.22
2.89
3.43
3.58
3.17
2.57
2.03
1.56
1.23
1.08
1.39
2.06
2.76
3.36
3.65
3.40
2.81
2.22
1.74
1.34
1.14
1.37
2.00
2.71
3.30
3.68
3.56
2.99
2.39
1.86
1.44
1.18
1.30
1.87
2.58
3.20
3.64
3.65
3.13
2.51
1.97
1.52
1.21
1.23
1.73
2.42
3.07
3.57
3.70
3.26
2.65
2.08
1.63
1.26
1.19
1.60
2.29
2.95
3.49
3.72
3.41
2.79
2.20
1.71
1.32
1.18
1.48
2.14
2.82
3.40
3.72
3.51
2.92
2.32
1.81
1.39
1.17
1.37
1.99
2.68
3.28
3.69
3.62
3.07
2.44
1.91
1.48
1.20
1.29
1.85
2.55
3.17
3.64
3.69
3.21
2.59
2.02
1.57
1.24
1.24
1.72
2.44
3.06
3.57
3.74
3.36
2.73
2.15
1.67
1.30
1.21
1.60
2.28
2.94
3.49
3.76
3.50
2.88
2.28
1.78
1.37
1.21
1.49
2.15
2.82
3.39
3.75
3.61
3.02
2.40
1.87
1.45
1.20
1.37
1.96
2.69
3.26
3.69
3.65
3.11
2.51
1.95
1.51
1.20
1.24
1.76
2.45
3.09
3.58
3.65
3.18
2.57
2.01
1.56
1.22
1.16
1.56
2.25
2.93
3.46
3.66
3.27
2.67
2.10
1.63
1.26
1.12
1.43
2.09
2.80
3.36
3.65
3.40
2.80
2.21
1.72
1.33
1.12
1.32
1.95
2.65
3.28
3.64
3.51
2.95
2.35
1.86
1.41
1.15
1.25
1.81
2.52
3.15
3.60
3.61
3.09
2.49
1.94
1.51
1.19
1.19
1.68
2.38
3.04
3.54
3.67
3.24
2.62
2.06
1.60
1.25
1.16
1.55
2.24
2.91
3.48
3.70
3.37
2.76
2.18
1.70
1.31
1.18
1.44
2.09
2.80
3.36
3.71
3.49
2.90
2.30
1.79
1.38
1.16
1.34
1.95
2.65
3.26
3.67
3.60
3.05
2.43
1.90
1.47
1.19
1.26
1.81
2.51
3.14
3.61
3.67
3.19
2.57
2.01
1.55
1.23
1.20
1.66
2.36
3.02
3.53
3.70
3.31
2.69
2.12
1.64
1.28
1.17
1.52
2.20
2.88
3.44
3.71
3.43
2.83
2.23
1.74
1.34
1.16
1.41
2.05
2.74
3.33
3.69
3.54
2.96
2.36
1.83
1.42
1.17
1.31
1.90
2.60
3.22
3.65
3.62
3.10
2.48
1.94
1.50
1.20
1.24
1.75
2.46
3.10
3.61
3.69
3.24
2.61
2.05
1.59
1.25
1.19
1.62
2.30
2.97
3.50
3.70
3.36
2.74
2.16
1.68
1.30
1.16
1.48
2.14
2.83
3.39
3.70
3.47
2.87
2.28
1.80
1.37
1.16
1.37
1.99
2.69
3.29
3.68
3.58
3.01
2.40
1.87
1.45
1.17
1.28
1.85
2.54
3.20
3.63
3.65
3.15
2.53
1.97
1.53
1.21
1.22
1.71
2.40
3.05
3.57
3.70
3.30
2.66
2.09
1.62
1.27
1.18
1.57
2.25
2.93
3.47
3.74
3.41
2.79
2.20
1.72
1.33
1.16
1.45
2.10
2.79
3.37
3.71
3.52
2.94
2.33
1.82
1.40
1.17
1.35
1.96
2.65
3.26
3.70
3.63
3.08
2.46
1.93
1.49
1.20
1.27
1.80
2.50
3.14
3.61
3.67
3.20
2.58
2.02
1.56
1.23
1.20
1.65
2.34
3.00
3.52
3.70
3.32
2.70
2.12
1.65
1.28
1.16
1.52
2.18
2.87
3.43
3.73
3.44
2.83
2.24
1.74
1.36
1.16
1.39
2.04
2.73
3.32
3.69
3.55
2.97
2.37
1.85
1.42
1.19
1.30
1.88
2.58
3.20
3.64
3.63
3.10
2.49
1.95
1.51
1.20
1.23
1.74
2.43
3.08
3.58
3.69
3.25
2.62
2.06
1.59
1.25
1.18
1.59
2.28
2.95
3.50
3.73
3.42
2.81
2.21
1.73
1.35
1.27
1.69
2.36
3.02
3.54
3.87
3.73
3.13
2.49
1.95
1.52
1.25
1.38
1.96
2.65
3.25
3.61
3.45
2.86
2.27
1.77
1.36
1.12
1.17
1.71
2.42
3.07
3.54
3.59
3.10
2.49
1.95
1.51
1.19
1.19
1.66
2.36
3.03
3.54
3.69
3.29
2.66
2.10
1.63
1.27
1.17
1.55
2.23
2.91
3.47
3.72
3.42
2.81
2.22
1.73
1.33
1.16
1.44
2.08
2.78
3.35
3.72
3.54
2.95
2.35
1.83
1.41
1.17
1.34
1.95
2.64
3.26
3.67
3.63
3.09
2.47
1.94
1.50
1.21
1.27
1.80
2.50
3.13
3.63
3.70
3.24
2.61
2.05
1.59
1.25
1.21
1.66
2.35
3.01
3.53
3.72
3.37
2.75
2.17
1.68
1.30
1.19
1.54
2.21
2.88
3.45
3.74
3.50
2.89
2.29
1.78
1.38
1.20
1.43
2.07
2.76
3.34
3.73
3.62
3.04
2.43
1.89
1.49
1.21
1.35
1.94
2.63
3.24
3.69
3.70
3.20
2.57
2.01
1.55
1.26
1.28
1.80
2.49
3.13
3.62
3.75
3.33
2.71
2.13
1.66
1.29
1.23
1.65
2.33
2.99
3.52
3.75
3.44
2.82
2.22
1.73
1.34
1.18
1.48
2.13
2.81
3.38
3.70
3.49
2.89
2.29
1.78
1.38
1.15
1.32
1.92
2.62
3.24
3.64
3.55
2.98
2.38
1.86
1.44
1.15
1.21
1.75
2.45
3.10
3.57
3.60
3.11
2.50
1.96
1.52
1.20
1.16
1.62
2.31
2.98
3.53
3.66
3.25
2.64
2.08
1.61
1.25
1.14
1.49
2.17
2.85
3.42
3.69
3.39
2.79
2.20
1.71
1.32
1.14
1.39
2.03
2.72
3.32
3.68
3.51
2.93
2.33
1.81
1.40
1.17
1.30
1.88
2.59
3.20
3.64
3.61
3.07
2.46
1.92
1.49
1.19
1.23
1.74
2.44
3.09
3.58
3.69
3.22
2.60
2.03
1.57
1.24
1.18
1.61
2.31
2.97
3.50
3.70
3.37
2.73
2.15
1.67
1.30
1.17
1.49
2.15
2.84
3.41
3.70
3.48
2.87
2.27
1.77
1.38
1.16
1.38
2.00
2.70
3.30
3.69
3.57
3.01
2.39
1.87
1.45
1.19
1.29
1.85
2.56
3.18
3.64
3.65
3.15
2.53
1.98
1.53
1.21
1.23
1.71
2.40
3.06
3.56
3.70
3.28
2.66
2.09
1.62
1.29
1.18
1.57
2.25
2.92
3.48
3.72
3.41
2.80
2.21
1.72
1.32
1.17
1.45
2.11
2.80
3.37
3.71
3.52
2.93
2.33
1.81
1.40
1.17
1.37
1.95
2.65
3.26
3.68
3.61
3.06
2.44
1.92
1.48
1.21
1.26
1.80
2.50
3.13
3.63
3.67
3.20
2.58
2.02
1.56
1.23
1.20
1.65
2.35
3.01
3.53
3.70
3.32
2.70
2.13
1.65
1.29
1.17
1.52
2.19
2.87
3.43
3.71
3.44
2.83
2.24
1.75
1.35
1.16
1.41
2.04
2.74
3.33
3.70
3.56
2.98
2.37
1.85
1.45
1.17
1.31
1.89
2.59
3.21
3.65
3.64
3.12
2.49
1.95
1.51
1.21
1.24
1.74
2.44
3.08
3.58
3.69
3.25
2.62
2.06
1.60
1.25
1.18
1.61
2.29
2.96
3.49
3.72
3.38
2.76
2.17
1.69
1.30
1.16
1.48
2.14
2.82
3.39
3.71
3.50
2.89
2.29
1.78
1.38
1.18
1.37
1.99
2.69
3.29
3.71
3.60
3.04
2.43
1.90
1.47
1.19
1.29
1.84
2.55
3.17
3.64
3.68
3.19
2.56
2.00
1.55
1.23
1.22
1.70
2.39
3.04
3.56
3.70
3.30
2.67
2.11
1.65
1.27
1.17
1.55
2.23
2.91
3.46
3.71
3.41
2.79
2.21
1.72
1.34
1.15
1.42
2.06
2.76
3.35
3.70
3.51
2.93
2.33
1.82
1.40
1.16
1.31
1.91
2.62
3.23
3.66
3.62
3.07
2.45
1.92
1.51
1.19
1.24
1.77
2.47
3.12
3.60
3.68
3.22
2.59
2.03
1.57
1.24
1.19
1.63
2.33
2.98
3.51
3.71
3.33
2.72
2.14
1.68
1.29
1.16
1.49
2.17
2.84
3.42
3.73
3.54
2.94
2.36
1.82
1.41
1.27
1.60
2.26
2.93
3.48
3.85
3.78
3.22
2.57
2.00
1.55
1.24
1.28
1.78
2.48
3.11
3.54
3.48
2.95
2.36
1.84
1.42
1.12
1.14
1.63
2.34
3.00
3.51
3.65
3.22
2.61
2.07
1.59
1.24
1.16
1.56
2.28
2.93
3.47
3.70
3.37
2.77
2.18
1.69
1.31
1.15
1.46
2.12
2.83
3.38
3.70
3.51
2.91
2.34
1.80
1.39
1.15
1.35
1.96
2.66
3.26
3.69
3.61
3.05
2.43
1.90
1.47
1.19
1.27
1.82
2.52
3.15
3.62
3.69
3.20
2.57
2.02
1.56
1.23
1.21
1.69
2.38
3.03
3.55
3.72
3.34
2.71
2.13
1.65
1.29
1.18
1.56
2.23
2.91
3.46
3.73
3.46
2.84
2.25
1.75
1.35
1.17
1.44
2.09
2.81
3.36
3.72
3.58
3.00
2.38
1.86
1.43
1.18
1.35
1.96
2.64
3.25
3.69
3.68
3.15
2.52
1.97
1.52
1.22
1.28
1.82
2.53
3.14
3.63
3.74
3.30
2.68
2.10
1.62
1.28
1.24
1.68
2.37
3.03
3.55
3.77
3.44
2.81
2.21
1.72
1.33
1.21
1.54
2.22
2.88
3.44
3.76
3.52
2.92
2.31
1.80
1.39
1.17
1.39
2.01
2.70
3.30
3.69
3.57
2.99
2.39
1.86
1.44
1.16
1.25
1.82
2.50
3.13
3.59
3.60
3.08
2.47
1.94
1.50
1.18
1.16
1.63
2.33
2.99
3.51
3.65
3.21
2.60
2.04
1.58
1.23
1.13
1.52
2.18
2.86
3.43
3.68
3.35
2.74
2.17
1.68
1.30
1.13
1.40
2.04
2.74
3.33
3.67
3.48
2.89
2.30
1.79
1.38
1.14
1.33
1.91
2.61
3.23
3.65
3.59
3.04
2.43
1.90
1.47
1.19
1.24
1.76
2.47
3.11
3.60
3.66
3.18
2.56
2.01
1.56
1.22
1.18
1.63
2.33
2.99
3.51
3.72
3.32
2.70
2.13
1.65
1.28
1.16
1.51
2.18
2.86
3.42
3.71
3.45
2.84
2.25
1.75
1.35
1.16
1.40
2.03
2.73
3.32
3.71
3.56
2.98
2.38
1.85
1.43
1.17
1.30
1.89
2.59
3.21
3.65
3.65
3.13
2.51
1.96
1.52
1.20
1.23
1.74
2.44
3.08
3.58
3.70
3.26
2.63
2.07
1.60
1.25
1.18
1.60
2.28
2.95
3.49
3.71
3.38
2.77
2.18
1.70
1.30
1.16
1.47
2.13
2.82
3.40
3.71
3.50
2.90
2.30
1.79
1.38
1.18
1.36
1.97
2.68
3.28
3.68
3.60
3.04
2.42
1.89
1.46
1.18
1.29
1.83
2.53
3.16
3.63
3.67
3.18
2.55
2.00
1.55
1.22
1.21
1.69
2.38
3.04
3.55
3.71
3.32
2.68
2.11
1.64
1.28
1.17
1.54
2.22
2.90
3.46
3.72
3.43
2.82
2.23
1.73
1.33
1.16
1.43
2.07
2.76
3.34
3.71
3.54
2.96
2.35
1.83
1.41
1.17
1.32
1.92
2.61
3.23
3.67
3.64
3.09
2.47
1.93
1.49
1.19
1.24
1.77
2.47
3.11
3.60
3.69
3.24
2.60
2.04
1.58
1.24
1.19
1.63
2.32
2.98
3.51
3.72
3.36
2.74
2.16
1.67
1.30
1.16
1.50
2.17
2.85
3.42
3.71
3.48
2.87
2.28
1.77
1.36
1.16
1.38
2.01
2.70
3.30
3.69
3.58
3.00
2.39
1.87
1.45
1.17
1.30
1.86
2.56
3.19
3.67
3.67
3.14
2.52
1.97
1.52
1.21
1.22
1.72
2.41
3.06
3.57
3.70
3.28
2.66
2.08
1.62
1.26
1.18
1.58
2.27
2.94
3.48
3.73
3.41
2.80
2.21
1.72
1.33
1.17
1.50
2.13
2.81
3.39
3.72
3.53
2.93
2.34
1.81
1.40
1.17
1.34
1.96
2.65
3.26
3.68
3.61
3.05
2.44
1.90
1.47
1.18
1.25
1.79
2.51
3.13
3.61
3.67
3.18
2.56
2.00
1.55
1.22
1.19
1.65
2.34
3.01
3.53
3.70
3.32
2.70
2.15
1.65
1.28
1.16
1.52
2.19
2.87
3.43
3.72
3.45
2.83
2.24
1.77
1.35
1.16
1.41
2.05
2.74
3.33
3.70
3.56
2.98
2.37
1.85
1.42
1.17
1.31
1.90
2.59
3.21
3.65
3.64
3.11
2.49
1.95
1.50
1.21
1.29
1.84
2.54
3.17
3.66
3.85
3.48
2.87
2.24
1.74
1.37
1.34
1.82
2.50
3.12
3.62
3.76
3.34
2.70
2.12
1.64
1.27
1.09
1.34
1.99
2.69
3.28
3.63
3.39
2.81
2.23
1.73
1.34
1.12
1.34
1.96
2.66
3.27
3.67
3.58
3.02
2.41
1.88
1.45
1.17
1.27
1.83
2.54
3.16
3.63
3.67
3.18
2.55
1.99
1.54
1.22
1.22
1.70
2.39
3.05
3.56
3.72
3.31
2.69
2.11
1.64
1.27
1.18
1.57
2.25
2.93
3.48
3.73
3.43
2.82
2.23
1.73
1.34
1.16
1.45
2.10
2.78
3.36
3.72
3.55
2.96
2.35
1.83
1.41
1.17
1.34
1.95
2.64
3.26
3.68
3.65
3.11
2.49
1.94
1.50
1.21
1.27
1.81
2.51
3.14
3.63
3.71
3.25
2.62
2.06
1.59
1.25
1.22
1.67
2.36
3.02
3.54
3.75
3.39
2.77
2.18
1.69
1.31
1.19
1.56
2.23
2.90
3.46
3.76
3.55
2.92
2.31
1.80
1.39
1.19
1.45
2.09
2.78
3.36
3.75
3.65
3.07
2.45
1.91
1.48
1.21
1.35
1.94
2.63
3.25
3.70
3.71
3.20
2.57
2.01
1.55
1.23
1.26
1.76
2.46
3.10
3.62
3.72
3.28
2.65
2.08
1.64
1.26
1.17
1.56
2.24
2.92
3.47
3.70
3.35
2.74
2.16
1.68
1.30
1.12
1.40
2.05
2.75
3.33
3.67
3.45
2.85
2.26
1.77
1.36
1.12
1.30
1.90
2.63
3.22
3.64
3.55
2.99
2.39
1.87
1.44
1.15
1.22
1.76
2.46
3.13
3.59
3.63
3.14
2.53
1.98
1.53
1.20
1.17
1.62
2.35
2.98
3.51
3.69
3.29
2.67
2.10
1.63
1.26
1.15
1.51
2.18
2.86
3.43
3.71
3.43
2.82
2.23
1.73
1.34
1.14
1.40
2.04
2.73
3.32
3.70
3.54
2.96
2.35
1.84
1.42
1.16
1.30
1.89
2.58
3.21
3.65
3.63
3.10
2.51
1.94
1.50
1.19
1.23
1.74
2.44
3.09
3.58
3.69
3.25
2.61
2.05
1.59
1.24
1.18
1.61
2.29
2.96
3.50
3.72
3.37
2.76
2.17
1.68
1.30
1.16
1.49
2.15
2.83
3.41
3.72
3.50
2.89
2.29
1.78
1.38
1.16
1.37
2.00
2.70
3.29
3.70
3.60
3.05
2.41
1.88
1.46
1.18
1.29
1.84
2.54
3.17
3.64
3.67
3.17
2.54
1.99
1.54
1.21
1.21
1.69
2.39
3.04
3.55
3.71
3.29
2.67
2.10
1.63
1.27
1.17
1.55
2.23
2.91
3.46
3.73
3.42
2.81
2.21
1.72
1.33
1.15
1.46
2.08
2.77
3.36
3.71
3.53
2.95
2.34
1.82
1.40
1.17
1.32
1.94
2.63
3.25
3.67
3.63
3.08
2.46
1.93
1.49
1.19
1.27
1.77
2.48
3.11
3.60
3.69
3.22
2.59
2.03
1.57
1.24
1.19
1.63
2.33
2.99
3.52
3.72
3.35
2.73
2.15
1.66
1.29
1.19
1.51
2.17
2.85
3.42
3.74
3.48
2.86
2.27
1.76
1.36
1.16
1.39
2.02
2.72
3.31
3.70
3.59
3.00
2.39
1.87
1.44
1.20
1.30
1.87
2.57
3.20
3.65
3.67
3.15
2.52
1.97
1.53
1.21
1.22
1.73
2.42
3.07
3.58
3.71
3.28
2.65
2.09
1.62
1.26
1.18
1.58
2.26
2.94
3.51
3.73
3.41
2.79
2.20
1.71
1.32
1.16
1.47
2.12
2.83
3.38
3.72
3.52
2.92
2.32
1.80
1.40
1.16
1.35
1.96
2.67
3.27
3.70
3.63
3.07
2.45
1.91
1.48
1.21
1.26
1.81
2.51
3.14
3.65
3.69
3.20
2.58
2.01
1.56
1.23
1.20
1.66
2.35
3.02
3.53
3.71
3.32
2.70
2.13
1.65
1.28
1.16
1.52
2.19
2.87
3.44
3.73
3.45
2.83
2.24
1.75
1.34
1.15
1.40
2.03
2.72
3.32
3.70
3.55
2.97
2.37
1.84
1.42
1.17
1.30
1.89
2.59
3.22
3.66
3.64
3.12
2.49
1.96
1.51
1.20
1.23
1.74
2.44
3.08
3.58
3.70
3.25
2.62
2.05
1.59
1.25
1.19
1.63
2.32
2.98
3.52
3.80
3.55
2.94
2.36
1.81
1.41
1.31
1.72
2.40
3.03
3.56
3.85
3.59
2.96
2.34
1.82
1.40
1.14
1.27
1.84
2.55
3.18
3.57
3.45
2.88
2.30
1.79
1.38
1.11
1.20
1.77
2.47
3.11
3.59
3.63
3.14
2.52
1.97
1.53
1.20
1.19
1.67
2.37
3.03
3.54
3.71
3.30
2.68
2.11
1.63
1.27
1.17
1.55
2.23
2.91
3.47
3.73
3.44
2.83
2.23
1.74
1.34
1.16
1.44
2.09
2.78
3.36
3.72
3.56
2.97
2.36
1.84
1.43
1.17
1.33
1.93
2.63
3.25
3.68
3.64
3.11
2.48
1.94
1.51
1.23
1.26
1.78
2.49
3.13
3.61
3.71
3.25
2.62
2.06
1.60
1.25
1.21
1.65
2.34
3.01
3.53
3.75
3.40
2.77
2.18
1.70
1.34
1.18
1.53
2.20
2.87
3.44
3.75
3.52
2.92
2.31
1.80
1.39
1.19
1.43
2.06
2.75
3.34
3.75
3.65
3.08
2.46
1.92
1.49
1.21
1.34
1.92
2.61
3.23
3.68
3.72
3.22
2.59
2.03
1.57
1.26
1.27
1.78
2.47
3.11
3.61
3.77
3.36
2.73
2.15
1.66
1.30
1.21
1.61
2.30
2.97
3.50
3.75
3.45
2.82
2.23
1.73
1.34
1.15
1.43
2.08
2.77
3.36
3.70
3.49
2.89
2.30
1.79
1.38
1.13
1.29
1.88
2.58
3.20
3.63
3.57
3.01
2.41
1.88
1.45
1.15
1.19
1.71
2.41
3.06
3.56
3.62
3.14
2.52
2.00
1.53
1.20
1.15
1.57
2.27
2.94
3.48
3.67
3.28
2.67
2.10
1.63
1.26
1.13
1.47
2.13
2.81
3.39
3.68
3.43
2.81
2.23
1.73
1.33
1.13
1.35
2.00
2.69
3.29
3.67
3.54
2.97
2.37
1.84
1.42
1.16
1.28
1.85
2.58
3.18
3.63
3.63
3.11
2.52
1.95
1.51
1.19
1.21
1.71
2.41
3.06
3.56
3.69
3.26
2.63
2.07
1.60
1.25
1.17
1.57
2.26
2.93
3.48
3.72
3.39
2.80
2.19
1.70
1.31
1.15
1.47
2.11
2.80
3.38
3.71
3.52
2.91
2.31
1.80
1.39
1.16
1.34
1.96
2.65
3.26
3.68
3.60
3.05
2.43
1.90
1.47
1.18
1.25
1.79
2.50
3.14
3.61
3.67
3.18
2.56
2.00
1.55
1.22
1.19
1.65
2.35
3.01
3.53
3.70
3.34
2.69
2.12
1.64
1.28
1.18
1.52
2.19
2.87
3.43
3.71
3.45
2.83
2.24
1.74
1.34
1.15
1.40
2.04
2.73
3.33
3.70
3.56
2.97
2.36
1.84
1.42
1.19
1.30
1.89
2.59
3.21
3.65
3.64
3.11
2.49
1.95
1.50
1.20
1.24
1.74
2.43
3.08
3.58
3.71
3.24
2.61
2.05
1.59
1.27
1.18
1.59
2.28
2.95
3.51
3.71
3.38
2.76
2.17
1.69
1.30
1.16
1.46
2.13
2.83
3.39
3.71
3.50
2.89
2.30
1.79
1.38
1.16
1.36
1.98
2.67
3.28
3.69
3.60
3.04
2.42
1.89
1.46
1.18
1.27
1.83
2.54
3.16
3.62
3.67
3.18
2.56
2.00
1.55
1.22
1.22
1.69
2.39
3.04
3.56
3.71
3.32
2.69
2.11
1.64
1.28
1.17
1.54
2.22
2.89
3.45
3.72
3.43
2.82
2.22
1.75
1.34
1.15
1.41
2.06
2.75
3.34
3.70
3.54
2.95
2.34
1.83
1.43
1.15
1.31
1.91
2.61
3.22
3.65
3.62
3.08
2.46
1.92
1.49
1.19
1.23
1.75
2.48
3.10
3.59
3.69
3.22
2.60
2.04
1.58
1.23
1.18
1.61
2.30
2.97
3.50
3.71
3.36
2.74
2.16
1.67
1.30
1.15
1.48
2.15
2.83
3.40
3.70
3.47
2.86
2.26
1.76
1.36
1.15
1.36
1.99
2.70
3.30
3.71
3.68
3.15
2.55
1.98
1.53
1.29
1.49
2.11
2.78
3.36
3.79
3.82
3.31
2.66
2.08
1.61
1.26
1.19
1.60
2.29
2.96
3.47
3.58
3.12
2.52
1.98
1.53
1.19
1.09
1.49
2.14
2.83
3.41
3.66
3.36
2.75
2.17
1.69
1.30
1.14
1.42
2.07
2.77
3.35
3.70
3.52
2.93
2.33
1.81
1.40
1.16
1.33
1.94
2.64
3.25
3.67
3.63
3.08
2.46
1.93
1.49
1.20
1.26
1.79
2.50
3.13
3.61
3.70
3.24
2.60
2.04
1.58
1.24
1.21
1.65
2.35
3.01
3.53
3.75
3.36
2.74
2.16
1.68
1.30
1.17
1.53
2.19
2.87
3.43
3.73
3.48
2.88
2.28
1.77
1.37
1.16
1.41
2.05
2.74
3.33
3.71
3.60
3.03
2.41
1.87
1.46
1.19
1.33
1.90
2.60
3.22
3.67
3.69
3.18
2.55
1.99
1.54
1.24
1.26
1.77
2.46
3.10
3.61
3.74
3.35
2.70
2.12
1.64
1.29
1.22
1.65
2.33
2.99
3.52
3.78
3.48
2.85
2.26
1.75
1.36
1.20
1.52
2.18
2.86
3.42
3.76
3.60
2.98
2.37
1.84
1.42
1.20
1.39
2.00
2.70
3.29
3.70
3.64
3.08
2.46
1.92
1.49
1.19
1.25
1.79
2.50
3.13
3.60
3.65
3.16
2.54
1.99
1.53
1.20
1.16
1.60
2.30
2.96
3.49
3.66
3.25
2.63
2.07
1.64
1.25
1.12
1.46
2.12
2.82
3.39
3.67
3.38
2.78
2.19
1.71
1.32
1.12
1.35
1.97
2.68
3.28
3.66
3.50
2.93
2.33
1.81
1.40
1.14
1.26
1.84
2.56
3.17
3.64
3.61
3.07
2.45
1.92
1.49
1.18
1.20
1.71
2.41
3.06
3.56
3.67
3.23
2.61
2.04
1.58
1.24
1.16
1.57
2.26
2.93
3.48
3.70
3.36
2.74
2.16
1.68
1.30
1.14
1.45
2.11
2.82
3.38
3.70
3.49
2.89
2.29
1.78
1.37
1.15
1.35
1.96
2.66
3.27
3.69
3.60
3.04
2.42
1.90
1.47
1.18
1.27
1.82
2.54
3.16
3.62
3.67
3.18
2.56
2.00
1.55
1.22
1.20
1.67
2.37
3.03
3.55
3.71
3.32
2.69
2.11
1.64
1.27
1.17
1.53
2.22
2.89
3.45
3.72
3.44
2.82
2.23
1.74
1.34
1.15
1.41
2.05
2.75
3.34
3.70
3.56
2.96
2.36
1.84
1.42
1.17
1.32
1.93
2.61
3.23
3.67
3.64
3.11
2.49
1.95
1.51
1.20
1.26
1.75
2.45
3.10
3.59
3.70
3.24
2.61
2.05
1.59
1.25
1.18
1.61
2.30
2.97
3.51
3.72
3.36
2.75
2.17
1.68
1.30
1.16
1.48
2.15
2.83
3.40
3.73
3.48
2.88
2.28
1.77
1.37
1.15
1.36
1.99
2.68
3.29
3.69
3.60
3.02
2.41
1.88
1.45
1.19
1.28
1.84
2.54
3.17
3.65
3.67
3.17
2.54
1.99
1.55
1.22
1.22
1.71
2.40
3.05
3.57
3.72
3.31
2.68
2.11
1.64
1.28
1.18
1.57
2.26
2.93
3.48
3.74
3.44
2.82
2.23
1.74
1.34
1.16
1.44
2.08
2.77
3.35
3.70
3.54
2.94
2.34
1.82
1.43
1.15
1.32
1.92
2.62
3.24
3.66
3.61
3.07
2.45
1.92
1.48
1.19
1.23
1.76
2.46
3.10
3.59
3.69
3.21
2.59
2.03
1.57
1.23
1.18
1.63
2.32
2.99
3.51
3.74
3.35
2.73
2.15
1.67
1.29
1.16
1.50
2.16
2.84
3.42
3.72
3.47
2.87
2.27
1.78
1.36
1.16
1.39
2.01
2.71
3.30
3.69
3.58
3.00
2.39
1.87
1.44
1.17
1.28
1.86
2.56
3.21
3.66
3.72
3.27
2.63
2.07
1.60
1.30
1.38
1.95
2.63
3.24
3.72
3.86
3.46
2.81
2.20
1.71
1.32
1.18
1.50
2.15
2.83
3.40
3.61
3.25
2.64
2.10
1.61
1.25
1.08
1.35
2.00
2.70
3.30
3.66
3.47
2.89
2.29
1.81
1.38
1.15
1.32
1.93
2.63
3.25
3.67
3.62
3.06
2.48
1.92
1.48
1.19
1.25
1.81
2.50
3.13
3.61
3.69
3.23
2.59
2.03
1.56
1.23
1.20
1.66
2.36
3.01
3.53
3.73
3.35
2.73
2.15
1.66
1.30
1.17
1.52
2.20
2.87
3.44
3.73
3.48
2.86
2.27
1.76
1.36
1.17
1.42
2.05
2.75
3.33
3.71
3.59
3.01
2.40
1.87
1.45
1.18
1.33
1.90
2.60
3.22
3.67
3.68
3.15
2.53
1.98
1.53
1.22
1.25
1.76
2.46
3.10
3.61
3.73
3.30
2.67
2.10
1.63
1.27
1.20
1.63
2.32
2.98
3.51
3.76
3.45
2.83
2.23
1.73
1.34
1.19
1.54
2.18
2.85
3.43
3.76
3.59
2.98
2.36
1.84
1.42
1.22
1.42
2.04
2.73
3.32
3.75
3.68
3.14
2.50
1.95
1.51
1.22
1.31
1.87
2.57
3.19
3.66
3.74
3.23
2.59
2.03
1.57
1.24
1.20
1.66
2.36
3.01
3.53
3.70
3.30
2.67
2.10
1.65
1.26
1.15
1.48
2.15
2.83
3.40
3.69
3.38
2.77
2.19
1.70
1.34
1.12
1.35
1.98
2.68
3.28
3.66
3.49
2.91
2.31
1.81
1.39
1.13
1.26
1.83
2.54
3.17
3.64
3.59
3.05
2.44
1.91
1.48
1.17
1.20
1.70
2.40
3.05
3.56
3.67
3.22
2.60
2.04
1.58
1.23
1.16
1.58
2.27
2.94
3.50
3.70
3.36
2.74
2.17
1.68
1.30
1.14
1.46
2.12
2.81
3.38
3.70
3.49
2.88
2.28
1.77
1.37
1.15
1.35
1.97
2.67
3.29
3.68
3.59
3.03
2.41
1.88
1.45
1.17
1.27
1.82
2.53
3.16
3.62
3.67
3.17
2.56
1.99
1.54
1.22
1.21
1.69
2.39
3.04
3.55
3.72
3.31
2.69
2.12
1.64
1.28
1.17
1.55
2.26
2.91
3.46
3.73
3.44
2.83
2.23
1.74
1.33
1.16
1.43
2.07
2.76
3.35
3.71
3.54
2.96
2.35
1.83
1.41
1.16
1.32
1.92
2.61
3.23
3.67
3.64
3.09
2.48
1.94
1.50
1.20
1.27
1.76
2.46
3.11
3.60
3.69
3.24
2.61
2.05
1.58
1.24
1.19
1.62
2.31
2.98
3.51
3.72
3.36
2.75
2.16
1.67
1.30
1.17
1.49
2.17
2.85
3.41
3.72
3.49
2.88
2.29
1.78
1.37
1.16
1.38
2.00
2.70
3.30
3.69
3.59
3.02
2.40
1.88
1.45
1.18
1.28
1.84
2.55
3.18
3.64
3.66
3.15
2.53
1.98
1.56
1.21
1.21
1.70
2.39
3.05
3.56
3.70
3.29
2.66
2.09
1.62
1.26
1.17
1.56
2.24
2.92
3.47
3.72
3.42
2.80
2.21
1.74
1.33
1.16
1.44
2.09
2.78
3.36
3.71
3.54
2.95
2.34
1.82
1.41
1.17
1.33
1.94
2.64
3.25
3.68
3.63
3.08
2.46
1.93
1.49
1.19
1.25
1.79
2.49
3.13
3.61
3.70
3.23
2.61
2.04
1.58
1.24
1.20
1.66
2.34
3.00
3.53
3.73
3.36
2.74
2.16
1.67
1.30
1.17
1.52
2.19
2.87
3.44
3.73
3.48
2.88
2.27
1.77
1.37
1.16
1.40
2.02
2.71
3.31
3.70
3.57
3.00
2.39
1.86
1.44
1.17
1.29
1.87
2.57
3.19
3.65
3.66
3.15
2.51
1.96
1.52
1.20
1.23
1.71
2.41
3.06
3.57
3.70
3.27
2.65
2.08
1.61
1.26
1.17
1.57
2.26
2.93
3.48
3.72
3.40
2.79
2.19
1.71
1.32
1.15
1.44
2.11
2.80
3.37
3.71
3.52
2.93
2.32
1.81
1.40
1.16
1.34
1.95
2.65
3.26
3.68
3.62
3.08
2.45
1.92
1.48
1.22
1.35
1.96
2.64
3.25
3.72
3.86
3.48
2.81
2.21
1.72
1.36
1.38
1.83
2.51
3.14
3.63
3.72
3.26
2.62
2.06
1.59
1.24
1.08
1.38
2.04
2.74
3.33
3.63
3.36
2.77
2.19
1.71
1.31
1.13
1.37
2.00
2.71
3.30
3.69
3.56
2.97
2.37
1.84
1.44
1.16
1.30
1.88
2.59
3.21
3.66
3.65
3.13
2.51
1.96
1.52
1.20
1.23
1.74
2.44
3.08
3.60
3.71
3.27
2.64
2.08
1.63
1.26
1.19
1.61
2.30
2.97
3.50
3.74
3.42
2.79
2.20
1.71
1.33
1.17
1.49
2.15
2.83
3.40
3.73
3.53
2.93
2.32
1.82
1.40
1.17
1.38
2.00
2.70
3.29
3.73
3.64
3.08
2.46
1.92
1.51
1.20
1.29
1.86
2.56
3.20
3.65
3.70
3.22
2.59
2.04
1.57
1.24
1.23
1.71
2.41
3.05
3.58
3.75
3.36
2.74
2.15
1.67
1.30
1.20
1.59
2.27
2.94
3.49
3.77
3.51
2.89
2.29
1.78
1.38
1.19
1.48
2.13
2.82
3.39
3.76
3.63
3.04
2.42
1.89
1.46
1.21
1.37
1.97
2.67
3.27
3.70
3.70
3.17
2.54
1.98
1.53
1.22
1.27
1.79
2.49
3.14
3.61
3.71
3.25
2.62
2.06
1.59
1.24
1.17
1.58
2.29
2.94
3.48
3.69
3.32
2.70
2.13
1.65
1.28
1.12
1.44
2.08
2.78
3.36
3.67
3.43
2.83
2.26
1.74
1.34
1.12
1.31
1.93
2.64
3.25
3.65
3.54
2.99
2.37
1.85
1.42
1.15
1.24
1.79
2.49
3.13
3.60
3.63
3.12
2.50
1.96
1.52
1.19
1.18
1.65
2.36
3.01
3.53
3.69
3.27
2.65
2.08
1.61
1.25
1.15
1.53
2.21
2.89
3.45
3.70
3.41
2.79
2.21
1.72
1.32
1.14
1.41
2.06
2.75
3.34
3.70
3.52
2.94
2.34
1.82
1.40
1.16
1.32
1.92
2.62
3.23
3.67
3.64
3.09
2.47
1.93
1.49
1.19
1.25
1.77
2.47
3.11
3.60
3.70
3.23
2.60
2.04
1.58
1.23
1.19
1.63
2.33
2.99
3.52
3.72
3.36
2.74
2.16
1.68
1.30
1.19
1.50
2.17
2.85
3.42
3.75
3.48
2.87
2.27
1.77
1.37
1.16
1.38
2.02
2.71
3.31
3.70
3.60
3.02
2.40
1.88
1.45
1.18
1.30
1.87
2.57
3.20
3.66
3.67
3.16
2.53
1.98
1.53
1.21
1.23
1.72
2.42
3.06
3.57
3.73
3.29
2.66
2.10
1.62
1.27
1.17
1.58
2.26
2.93
3.48
3.73
3.42
2.79
2.20
1.72
1.32
1.18
1.44
2.10
2.80
3.37
3.74
3.53
2.93
2.33
1.81
1.40
1.16
1.33
1.95
2.64
3.26
3.68
3.62
3.07
2.45
1.92
1.48
1.18
1.25
1.79
2.50
3.13
3.61
3.69
3.21
2.59
2.02
1.56
1.23
1.19
1.65
2.35
3.01
3.53
3.72
3.35
2.72
2.15
1.66
1.29
1.17
1.52
2.19
2.87
3.44
3.73
3.48
2.86
2.27
1.76
1.36
1.17
1.40
2.03
2.73
3.32
3.70
3.58
3.00
2.39
1.86
1.44
1.17
1.30
1.88
2.59
3.21
3.66
3.66
3.14
2.51
1.97
1.52
1.20
1.23
1.73
2.43
3.08
3.60
3.71
3.27
2.64
2.08
1.60
1.25
1.18
1.59
2.28
2.95
3.49
3.73
3.42
2.79
2.20
1.71
1.35
1.15
1.49
2.14
2.82
3.40
3.73
3.54
2.94
2.33
1.81
1.40
1.17
1.36
1.98
2.68
3.28
3.69
3.62
3.05
2.44
1.91
1.47
1.18
1.26
1.82
2.52
3.15
3.63
3.68
3.19
2.57
2.03
1.55
1.22
1.20
1.67
2.37
3.02
3.54
3.72
3.32
2.70
2.12
1.65
1.28
1.16
1.52
2.20
2.89
3.45
3.72
3.46
2.83
2.25
1.74
1.34
1.16
1.40
2.07
2.75
3.34
3.71
3.57
2.98
2.37
1.84
1.42
1.17
1.31
1.90
2.61
3.23
3.66
3.65
3.11
2.49
1.95
1.51
1.20
1.22
1.74
2.44
3.09
3.59
3.71
3.28
2.65
2.09
1.61
1.28
1.28
1.79
2.48
3.12
3.63
3.89
3.63
3.01
2.37
1.84
1.43
1.25
1.53
2.17
2.85
3.41
3.67
3.35
2.74
2.17
1.68
1.30
1.08
1.27
1.88
2.60
3.22
3.64
3.55
2.99
2.39
1.86
1.44
1.16
1.25
1.82
2.52
3.16
3.63
3.67
3.16
2.54
1.99
1.54
1.21
1.20
1.69
2.39
3.04
3.56
3.72
3.34
2.68
2.11
1.64
1.27
1.17
1.56
2.24
2.91
3.47
3.73
3.45
2.83
2.23
1.74
1.34
1.16
1.44
2.09
2.78
3.38
3.73
3.56
2.97
2.36
1.84
1.42
1.17
1.34
1.94
2.64
3.25
3.68
3.66
3.11
2.49
1.95
1.51
1.20
1.26
1.80
2.50
3.14
3.62
3.73
3.26
2.62
2.06
1.60
1.25
1.21
1.66
2.36
3.01
3.53
3.75
3.40
2.77
2.18
1.70
1.31
1.18
1.53
2.20
2.88
3.44
3.76
3.53
2.91
2.31
1.80
1.39
1.18
1.43
2.07
2.76
3.34
3.74
3.65
3.08
2.45
1.91
1.48
1.21
1.34
1.93
2.64
3.24
3.72
3.73
3.23
2.60
2.03
1.59
1.24
1.27
1.78
2.47
3.13
3.61
3.76
3.34
2.70
2.13
1.65
1.28
1.19
1.59
2.28
2.95
3.49
3.74
3.41
2.78
2.19
1.71
1.31
1.14
1.42
2.07
2.76
3.34
3.69
3.48
2.88
2.30
1.77
1.37
1.13
1.29
1.91
2.60
3.21
3.64
3.57
3.01
2.40
1.87
1.45
1.15
1.21
1.74
2.45
3.09
3.58
3.65
3.16
2.54
1.99
1.53
1.20
1.16
1.61
2.31
2.98
3.51
3.70
3.30
2.68
2.11
1.64
1.27
1.14
1.50
2.17
2.86
3.43
3.72
3.45
2.86
2.24
1.74
1.34
1.14
1.40
2.02
2.72
3.31
3.70
3.57
2.98
2.37
1.84
1.42
1.16
1.29
1.87
2.58
3.20
3.65
3.65
3.13
2.50
1.96
1.52
1.20
1.22
1.73
2.43
3.08
3.58
3.73
3.26
2.63
2.07
1.60
1.25
1.17
1.59
2.29
2.95
3.49
3.73
3.40
2.77
2.18
1.69
1.31
1.15
1.47
2.14
2.82
3.40
3.72
3.52
2.92
2.31
1.80
1.39
1.16
1.36
1.98
2.68
3.28
3.70
3.62
3.05
2.43
1.91
1.47
1.19
1.27
1.83
2.53
3.16
3.66
3.70
3.20
2.57
2.01
1.57
1.22
1.21
1.69
2.39
3.05
3.56
3.73
3.33
2.70
2.13
1.64
1.28
1.17
1.55
2.23
2.91
3.47
3.74
3.46
2.84
2.24
1.77
1.34
1.15
1.43
2.08
2.78
3.35
3.72
3.57
2.98
2.37
1.84
1.42
1.17
1.32
1.93
2.62
3.24
3.68
3.66
3.11
2.49
1.95
1.50
1.20
1.24
1.77
2.47
3.11
3.61
3.71
3.25
2.61
2.05
1.59
1.25
1.18
1.62
2.32
3.00
3.52
3.74
3.38
2.76
2.17
1.68
1.30
1.15
1.50
2.17
2.85
3.42
3.74
3.50
2.89
2.29
1.78
1.38
1.16
1.38
2.02
2.71
3.31
3.71
3.61
3.03
2.41
1.88
1.46
1.18
1.29
1.87
2.57
3.19
3.66
3.70
3.20
2.55
1.99
1.54
1.22
1.22
1.72
2.42
3.07
3.58
3.73
3.31
2.68
2.11
1.63
1.26
1.17
1.58
2.27
2.93
3.48
3.75
3.44
2.82
2.22
1.72
1.33
1.15
1.45
2.11
2.80
3.38
3.73
3.55
2.95
2.34
1.82
1.40
1.16
1.35
1.96
2.66
3.27
3.70
3.66
3.09
2.47
1.93
1.49
1.19
1.26
1.81
2.52
3.15
3.64
3.72
3.24
2.61
2.04
1.60
1.24
1.21
1.67
2.36
3.02
3.54
3.75
3.37
2.74
2.16
1.67
1.29
1.16
1.52
2.20
2.88
3.46
3.74
3.48
2.86
2.26
1.77
1.35
1.15
1.39
2.04
2.73
3.32
3.74
3.59
3.00
2.39
1.86
1.44
1.17
1.30
1.89
2.59
3.21
3.67
3.67
3.14
2.51
2.00
1.52
1.20
1.22
1.74
2.45
3.09
3.59
3.73
3.28
2.65
2.08
1.61
1.26
1.17
1.60
2.29
2.96
3.50
3.75
3.42
2.79
2.19
1.71
1.31
1.16
1.49
2.18
2.84
3.41
3.79
3.67
3.08
2.45
1.91
1.48
1.28
1.56
2.20
2.87
3.44
3.82
3.72
3.12
2.48
1.93
1.50
1.17
1.18
1.70
2.39
3.04
3.54
3.58
3.10
2.47
1.94
1.49
1.17
1.16
1.63
2.33
3.00
3.53
3.72
3.31
2.68
2.12
1.64
1.27
1.15
1.53
2.21
2.89
3.45
3.74
3.49
2.84
2.25
1.75
1.35
1.15
1.42
2.07
2.77
3.35
3.73
3.59
2.99
2.38
1.85
1.43
1.17
1.32
1.92
2.62
3.24
3.69
3.68
3.13
2.51
1.96
1.52
1.20
1.24
1.77
2.48
3.12
3.64
3.73
3.27
2.64
2.07
1.61
1.25
1.19
1.63
2.33
2.99
3.52
3.79
3.41
2.78
2.19
1.70
1.31
1.17
1.51
2.18
2.86
3.43
3.76
3.54
2.93
2.32
1.80
1.39
1.17
1.40
2.04
2.73
3.32
3.73
3.67
3.08
2.46
1.92
1.48
1.20
1.31
1.90
2.59
3.21
3.68
3.74
3.24
2.60
2.03
1.57
1.24
1.25
1.76
2.46
3.10
3.61
3.79
3.39
2.75
2.16
1.67
1.30
1.21
1.63
2.31
2.97
3.51
3.80
3.51
2.88
2.28
1.77
1.36
1.18
1.48
2.13
2.82
3.39
3.76
3.58
2.98
2.37
1.84
1.41
1.16
1.31
1.92
2.62
3.24
3.67
3.63
3.07
2.44
1.91
1.48
1.17
1.20
1.73
2.44
3.08
3.59
3.67
3.20
2.56
2.00
1.55
1.21
1.16
1.58
2.27
2.95
3.49
3.70
3.32
2.69
2.12
1.64
1.27
1.12
1.46
2.13
2.81
3.39
3.71
3.45
2.84
2.24
1.74
1.34
1.13
1.34
1.98
2.68
3.28
3.69
3.57
2.99
2.38
1.85
1.43
1.15
1.27
1.84
2.54
3.18
3.64
3.69
3.14
2.51
1.96
1.52
1.19
1.20
1.70
2.40
3.05
3.57
3.72
3.28
2.65
2.08
1.62
1.25
1.16
1.57
2.25
2.93
3.48
3.74
3.42
2.80
2.21
1.71
1.32
1.15
1.44
2.10
2.79
3.37
3.73
3.57
2.94
2.33
1.82
1.40
1.17
1.33
1.95
2.65
3.26
3.71
3.65
3.08
2.46
1.92
1.49
1.18
1.25
1.80
2.50
3.14
3.64
3.71
3.23
2.59
2.03
1.57
1.24
1.19
1.66
2.36
3.01
3.54
3.75
3.37
2.73
2.15
1.67
1.29
1.16
1.52
2.20
2.88
3.44
3.75
3.50
2.87
2.27
1.76
1.39
1.15
1.40
2.04
2.74
3.33
3.72
3.60
3.01
2.39
1.86
1.44
1.17
1.30
1.89
2.60
3.21
3.67
3.68
3.15
2.52
1.97
1.53
1.19
1.22
1.73
2.44
3.09
3.59
3.73
3.29
2.65
2.08
1.61
1.25
1.17
1.59
2.31
2.95
3.50
3.75
3.42
2.80
2.20
1.71
1.30
1.15
1.47
2.14
2.82
3.40
3.74
3.54
2.93
2.32
1.80
1.39
1.15
1.35
1.98
2.68
3.28
3.70
3.64
3.07
2.45
1.91
1.48
1.18
1.26
1.82
2.53
3.16
3.64
3.70
3.21
2.59
2.02
1.56
1.22
1.20
1.67
2.37
3.03
3.55
3.74
3.36
2.71
2.13
1.65
1.28
1.16
1.53
2.22
2.89
3.46
3.75
3.47
2.84
2.25
1.74
1.34
1.15
1.43
2.08
2.77
3.35
3.73
3.60
3.00
2.38
1.86
1.43
1.16
1.32
1.92
2.62
3.24
3.69
3.69
3.15
2.52
1.96
1.51
1.20
1.24
1.75
2.46
3.11
3.61
3.73
3.27
2.64
2.07
1.60
1.25
1.18
1.61
2.30
2.97
3.51
3.74
3.39
2.76
2.17
1.69
1.30
1.16
1.48
2.14
2.83
3.40
3.75
3.51
2.90
2.30
1.79
1.38
1.15
1.36
1.99
2.69
3.29
3.70
3.62
3.05
2.43
1.89
1.46
1.21
1.27
1.84
2.55
3.17
3.65
3.70
3.19
2.56
2.00
1.56
1.22
1.20
1.69
2.39
3.04
3.57
3.74
3.32
2.69
2.11
1.64
1.27
1.16
1.55
2.23
2.91
3.47
3.79
3.57
2.95
2.34
1.81
1.41
1.26
1.62
2.29
2.95
3.50
3.86
3.71
3.10
2.47
1.92
1.48
1.19
1.28
1.86
2.54
3.17
3.61
3.54
2.98
2.37
1.87
1.43
1.13
1.16
1.69
2.40
3.06
3.56
3.68
3.21
2.59
2.03
1.57
1.22
1.17
1.64
2.32
2.99
3.52
3.75
3.39
2.76
2.17
1.69
1.30
1.16
1.51
2.17
2.86
3.43
3.75
3.52
2.90
2.30
1.78
1.38
1.16
1.39
2.02
2.72
3.32
3.72
3.63
3.04
2.42
1.89
1.46
1.18
1.29
1.87
2.58
3.20
3.67
3.70
3.19
2.56
2.00
1.54
1.22
1.22
1.73
2.42
3.07
3.58
3.76
3.33
2.69
2.11
1.64
1.28
1.18
1.59
2.28
2.95
3.50
3.77
3.47
2.84
2.24
1.75
1.35
1.17
1.47
2.13
2.82
3.39
3.75
3.60
2.99
2.38
1.85
1.42
1.18
1.37
1.98
2.68
3.29
3.72
3.70
3.15
2.52
1.97
1.52
1.22
1.29
1.85
2.55
3.17
3.66
3.77
3.30
2.66
2.09
1.61
1.27
1.23
1.71
2.40
3.05
3.57
3.78
3.43
2.79
2.20
1.71
1.32
1.19
1.55
2.23
2.90
3.46
3.77
3.52
2.90
2.29
1.78
1.37
1.16
1.38
2.02
2.72
3.31
3.70
3.57
2.98
2.37
1.84
1.44
1.14
1.25
1.82
2.53
3.17
3.62
3.63
3.10
2.47
1.95
1.50
1.17
1.17
1.66
2.36
3.02
3.53
3.67
3.23
2.61
2.04
1.59
1.23
1.13
1.52
2.21
2.89
3.45
3.70
3.37
2.75
2.17
1.68
1.30
1.12
1.40
2.08
2.77
3.35
3.70
3.50
2.91
2.30
1.79
1.38
1.14
1.32
1.93
2.63
3.25
3.67
3.61
3.04
2.43
1.90
1.46
1.16
1.24
1.78
2.49
3.13
3.61
3.69
3.20
2.57
2.01
1.55
1.22
1.17
1.64
2.35
3.00
3.53
3.73
3.34
2.73
2.13
1.65
1.28
1.15
1.52
2.19
2.87
3.44
3.74
3.48
2.85
2.25
1.75
1.35
1.15
1.40
2.04
2.74
3.33
3.72
3.60
3.02
2.38
1.86
1.42
1.16
1.30
1.89
2.60
3.21
3.67
3.68
3.14
2.53
1.96
1.52
1.20
1.22
1.74
2.44
3.08
3.59
3.72
3.27
2.64
2.07
1.60
1.25
1.18
1.59
2.28
2.95
3.50
3.76
3.40
2.78
2.19
1.70
1.31
1.15
1.47
2.13
2.82
3.40
3.73
3.52
2.91
2.31
1.80
1.39
1.15
1.35
1.98
2.68
3.28
3.69
3.63
3.05
2.43
1.90
1.47
1.17
1.26
1.83
2.53
3.16
3.64
3.71
3.20
2.57
2.01
1.55
1.22
1.20
1.67
2.38
3.03
3.55
3.74
3.33
2.70
2.12
1.65
1.28
1.17
1.54
2.22
2.90
3.46
3.74
3.46
2.84
2.24
1.74
1.36
1.15
1.41
2.06
2.76
3.37
3.72
3.58
2.98
2.37
1.87
1.42
1.17
1.32
1.92
2.62
3.23
3.68
3.67
3.13
2.51
1.96
1.52
1.20
1.24
1.78
2.48
3.12
3.61
3.73
3.26
2.63
2.07
1.60
1.25
1.18
1.62
2.31
2.98
3.52
3.75
3.39
2.77
2.17
1.69
1.30
1.15
1.49
2.15
2.83
3.41
3.73
3.51
2.89
2.30
1.78
1.37
1.15
1.36
1.99
2.69
3.29
3.70
3.61
3.04
2.41
1.89
1.45
1.17
1.27
1.84
2.54
3.17
3.64
3.69
3.17
2.54
1.99
1.54
1.21
1.20
1.72
2.39
3.04
3.56
3.73
3.31
2.68
2.11
1.63
1.27
1.16
1.55
2.24
2.91
3.47
3.74
3.44
2.84
2.22
1.73
1.33
1.16
1.47
2.13
2.82
3.39
3.79
3.72
3.15
2.54
1.96
1.52
1.29
1.52
2.17
2.83
3.39
3.79
3.70
3.11
2.46
1.92
1.49
1.16
1.16
1.64
2.35
3.01
3.51
3.59
3.10
2.49
1.95
1.51
1.17
1.12
1.57
2.27
2.94
3.49
3.71
3.34
2.72
2.14
1.67
1.29
1.17
1.49
2.17
2.85
3.42
3.74
3.50
2.88
2.28
1.77
1.38
1.15
1.39
2.03
2.72
3.32
3.72
3.61
3.04
2.41
1.88
1.45
1.18
1.29
1.87
2.58
3.20
3.68
3.70
3.17
2.55
1.99
1.54
1.21
1.22
1.73
2.43
3.08
3.59
3.74
3.31
2.68
2.11
1.63
1.27
1.18
1.59
2.28
2.95
3.51
3.76
3.45
2.83
2.22
1.74
1.33
1.16
1.47
2.13
2.82