3.35
1.62
1.29
2.35
3.43
1.54
1.86
3.62
1.86
1.45
3.55
2.23
1.21
3.29
2.64
1.181
2.25
1.22
3.27
2.61
1.15
2.82
3.05
1.29
2.35
3.43
1.54
1.86
3.62
1.86
1.45
3.55
2.23
1.21
3.29
2.64
1.182.00
1.84
1.69
1.56
1.45
1.32
1.24
1.19
1.17
1.18
1.25
1.35
1.77
3.67
1.98
1.40
3.54
2.38
1.22
3.22
2.81
1.23
2.81
3.26
1.40
2.33
3.60
1.67
1.81
3.69
1.98
1.40
3.54
2.37
1.24
3.21
2.80
1.22
2.79
3.24
1.39
2.31
3.59
1.67
1.84
3.70
2.00
1.43
3.55
2.40
1.22
3.22
2.81
1.23
2.82
3.24
1.39
2.31
3.58
1.66
1.81
3.69
1.99
1.41
3.53
2.37
1.21
3.22
2.81
1.24
2.79
3.22
1.37
2.28
3.56
1.64
1.77
3.67
1.96
1.40
3.52
2.35
1.19
3.20
2.76
1.19
2.72
3.26
1.43
2.63
3.81
1.79
1.76
3.64
1.96
1.38
3.51
2.33
1.18
3.20
2.75
1.20
2.76
3.20
1.38
2.29
3.56
1.65
1.81
3.69
1.98
1.42
3.55
2.36
1.21
3.21
2.78
1.22
2.80
3.25
1.39
2.34
3.62
1.68
1.87
3.73
2.03
1.47
3.59
2.40
1.23
3.23
2.78
1.20
2.74
3.18
1.36
2.24
3.52
1.62
1.76
3.65
1.95
1.37
3.51
2.34
1.19
3.19
2.75
1.20
2.75
3.21
1.37
2.28
3.56
1.64
1.80
3.68
1.97
1.40
3.53
2.35
1.20
3.20
2.78
1.21
2.77
3.21
1.37
2.29
3.56
1.64
1.79
3.67
1.97
1.39
3.53
2.35
1.20
3.20
2.76
1.21
2.77
3.20
1.37
2.28
3.55
1.64
1.78
3.67
1.96
1.39
3.52
2.35
1.19
3.20
2.77
1.20
2.80
3.20
1.37
2.30
3.56
1.65
1.82
3.69
1.98
1.41
3.55
2.35
1.20
3.20
2.75
1.20
2.75
3.18
1.36
2.28
3.56
1.64
1.80
3.68
1.97
1.39
3.52
2.32
1.17
3.17
2.90
1.36
3.11
3.31
1.40
2.24
3.54
1.63
1.76
3.65
1.94
1.37
3.51
2.35
1.18
3.18
2.76
1.20
2.77
3.21
1.37
2.30
3.56
1.66
1.81
3.68
1.96
1.39
3.53
2.34
1.20
3.21
2.79
1.23
2.82
3.28
1.40
2.37
3.63
1.68
1.87
3.72
1.99
1.41
3.53
2.33
1.17
3.16
2.72
1.17
2.72
3.15
1.34
2.24
3.52
1.62
1.77
3.65
1.95
1.38
3.55
2.33
1.19
3.20
2.76
1.20
2.78
3.21
1.40
2.31
3.57
1.65
1.82
3.70
1.98
1.42
3.55
2.36
1.22
3.22
2.78
1.21
2.80
3.22
1.38
2.32
3.58
1.65
1.83
3.69
1.98
1.42
3.55
2.36
1.21
3.22
2.78
1.21
2.80
3.22
1.38
2.32
3.57
1.65
1.83
3.69
1.98
1.42
3.55
2.36
1.21
3.22
2.78
1.21
2.81
3.23
1.39
2.33
3.58
1.65
1.82
3.69
1.97
1.42
3.54
2.35
1.21
3.22
2.77
1.21
2.79
3.19
1.36
2.25
3.57
1.66
2.09
3.87
2.11
1.40
3.50
2.33
1.19
3.19
2.74
1.19
2.77
3.18
1.36
2.29
3.55
1.63
1.81
3.69
1.97
1.41
3.55
2.35
1.21
3.23
2.78
1.21
2.81
3.23
1.39
2.36
3.61
1.67
1.88
3.73
2.01
1.48
3.60
2.40
1.25
3.27
2.82
1.23
2.81
3.20
1.36
2.26
3.51
1.61
1.75
3.63
1.93
1.36
3.51
2.31
1.18
3.20
2.74
1.19
2.78
3.19
1.39
2.31
3.55
1.63
1.82
3.68
1.96
1.41
3.55
2.35
1.21
3.23
2.77
1.22
2.81
3.24
1.38
2.33
3.57
1.64
1.84
3.69
1.96
1.41
3.55
2.37
1.21
3.22
2.76
1.21
2.80
3.21
1.37
2.32
3.56
1.63
1.82
3.68
1.96
1.41
3.55
2.34
1.21
3.22
2.76
1.20
2.80
3.20
1.37
2.32
3.56
1.64
1.85
3.70
1.98
1.44
3.56
2.36
1.21
3.23
2.76
1.21
2.81
3.20
1.37
2.33
3.56
1.65
1.82
3.68
1.95
1.39
3.54
2.37
1.34
3.44
2.87
1.24
2.74
3.14
1.35
2.29
3.55
1.62
1.79
3.67
1.95
1.40
3.54
2.34
1.20
3.22
2.76
1.21
2.81
3.22
1.37
2.35
3.59
1.65
1.87
3.71
1.99
1.47
3.59
2.39
1.26
3.31
2.83
1.25
2.88
3.26
1.40
2.39
3.61
1.67
1.85
3.68
1.95
1.38
3.52
2.29
1.17
3.17
2.71
1.17
2.74
3.14
1.34
2.26
3.51
1.61
1.80
3.66
1.95
1.39
3.53
2.33
1.21
3.23
2.76
1.21
2.81
3.21
1.39
2.33
3.56
1.64
1.84
3.70
1.97
1.43
3.56
2.35
1.22
3.24
2.77
1.22
2.82
3.20
1.37
2.33
3.56
1.64
1.84
3.69
1.96
1.42
3.55
2.35
1.21
3.23
2.76
1.21
2.81
3.20
1.37
2.33
3.57
1.64
1.85
3.69
1.96
1.42
3.55
2.32
1.21
3.22
2.75
1.21
2.81
3.20
1.37
2.36
3.54
1.62
1.81
3.69
2.00
1.61
3.71
2.50
1.25
3.18
2.69
1.17
2.79
3.16
1.36
2.31
3.53
1.62
1.82
3.68
1.95
1.42
3.55
2.33
1.21
3.24
2.76
1.21
2.82
3.21
1.38
2.37
3.58
1.65
1.90
3.73
1.99
1.48
3.60
2.38
1.26
3.28
2.82
1.25
2.87
3.24
1.39
2.35
3.54
1.63
1.79
3.64
1.92
1.36
3.50
2.27
1.16
3.18
2.69
1.18
2.76
3.13
1.34
2.29
3.51
1.61
1.81
3.67
1.94
1.44
3.55
2.33
1.21
3.24
2.78
1.21
2.82
3.20
1.36
2.34
3.55
1.63
1.85
3.69
1.95
1.43
3.56
2.33
1.21
3.23
2.74
1.20
2.81
3.18
1.37
2.34
3.55
1.63
1.85
3.70
1.96
1.44
3.57
2.35
1.23
3.25
2.75
1.21
2.82
3.17
1.36
2.32
3.53
1.62
1.84
3.68
1.95
1.43
3.56
2.32
1.21
3.22
2.72
1.21
2.89
3.42
1.51
2.56
3.55
1.59
1.75
3.63
1.93
1.40
3.54
2.30
1.20
3.23
2.74
1.20
2.82
3.18
1.39
2.36
3.56
1.63
1.87
3.70
1.96
1.46
3.58
2.35
1.27
3.28
2.79
1.24
2.88
3.25
1.40
2.42
3.61
1.66
1.93
3.73
1.98
1.47
3.58
2.33
1.20
3.22
2.69
1.17
2.76
3.12
1.33
2.29
3.49
1.59
1.80
3.65
1.92
1.40
3.53
2.29
1.19
3.22
2.71
1.19
2.81
3.16
1.35
2.35
3.53
1.62
1.86
3.69
1.95
1.44
3.57
2.32
1.22
3.25
2.73
1.20
2.83
3.17
1.35
2.34
3.54
1.61
1.86
3.68
1.94
1.43
3.56
2.33
1.21
3.24
2.72
1.20
2.82
3.17
1.35
2.37
3.54
1.62
1.87
3.69
1.95
1.45
3.57
2.32
1.22
3.26
2.74
1.22
2.84
3.18
1.37
2.37
3.55
1.63
1.90
3.71
1.95
1.46
3.58
2.32
1.22
3.26
2.73
1.20
2.84
3.18
1.36
2.39
3.56
1.62
1.86
3.67
1.91
1.50
3.65
2.61
1.51
3.51
2.73
1.19
2.81
3.14
1.34
2.33
3.51
1.60
1.87
3.69
1.95
1.47
3.59
2.33
1.24
3.28
2.76
1.24
2.87
3.19
1.36
2.39
3.56
1.63
1.89
3.73
1.95
1.46
3.59
2.32
1.23
3.27
2.74
1.21
2.86
3.21
1.35
2.37
3.51
1.59
1.80
3.62
1.87
1.35
3.48
2.21
1.14
3.17
2.62
1.14
2.75
3.07
1.30
2.28
3.46
1.57
1.79
3.63
1.88
1.39
3.53
2.26
1.18
3.23
2.68
1.18
2.82
3.13
1.33
2.34
3.50
1.59
1.84
3.66
1.91
1.46
3.56
2.28
1.21
3.25
2.71
1.19
2.83
3.14
1.34
2.38
3.53
1.60
1.89
3.70
1.93
1.46
3.59
2.31
1.23
3.29
2.73
1.20
2.85
3.16
1.34
2.38
3.53
1.60
1.87
3.68
1.92
1.44
3.57
2.28
1.20
3.26
2.70
1.19
2.83
3.12
1.33
2.35
3.51
1.59
1.86
3.67
1.91
1.41
3.55
2.25
1.18
3.22
2.65
1.16
2.79
3.09
1.31
2.33
3.48
1.57
1.84
3.65
1.89
1.38
3.51
2.27
1.32
3.44
2.95
1.28
2.77
3.05
1.30
2.31
3.46
1.56
1.81
3.64
1.89
1.41
3.54
2.26
1.20
3.25
2.68
1.18
2.83
3.13
1.33
2.35
3.50
1.58
1.85
3.66
1.89
1.42
3.55
2.26
1.19
3.25
2.68
1.18
2.85
3.13
1.33
2.39
3.53
1.60
1.88
3.67
1.90
1.41
3.55
2.25
1.18
3.23
2.66
1.17
2.83
3.12
1.33
2.38
3.52
1.60
1.90
3.70
1.93
1.47
3.59
2.30
1.25
3.28
2.72
1.21
2.87
3.17
1.35
2.42
3.55
1.61
1.91
3.70
1.92
1.47
3.59
2.30
1.23
3.29
2.73
1.21
2.89
3.19
1.36
2.43
3.57
1.62
1.96
3.74
1.98
1.52
3.63
2.33
1.26
3.31
2.74
1.21
2.90
3.17
1.36
2.41
3.53
1.60
1.89
3.70
1.91
1.45
3.58
2.28
1.22
3.28
2.70
1.19
2.88
3.18
1.35
2.41
3.55
1.61
1.94
3.72
1.95
1.55
3.68
2.40
1.35
3.42
2.88
1.30
3.04
3.34
1.44
2.59
3.67
1.68
2.02
3.77
1.97
1.52
3.63
2.32
1.24
3.31
2.71
1.19
2.85
3.10
1.31
2.28
3.47
1.57
2.09
3.83
2.01
1.36
3.47
2.17
1.13
3.16
2.57
1.11
2.71
2.99
1.26
2.22
3.38
1.52
1.73
3.57
1.82
1.34
3.48
2.17
1.12
3.17
2.59
1.12
2.75
3.03
1.28
2.28
3.44
1.54
1.80
3.63
1.87
1.39
3.53
2.23
1.17
3.22
2.63
1.15
2.78
3.03
1.30
2.23
3.37
1.51
1.72
3.55
1.81
1.31
3.47
2.17
1.14
3.17
2.60
1.13
2.75
3.04
1.28
2.29
3.45
1.55
1.80
3.63
1.86
1.39
3.53
2.24
1.16
3.22
2.64
1.15
2.81
3.08
1.30
2.32
3.47
1.57
1.82
3.64
1.88
1.40
3.54
2.24
1.17
3.23
2.65
1.16
2.82
3.09
1.31
2.34
3.48
1.57
1.84
3.66
1.89
1.42
3.55
2.25
1.19
3.25
2.67
1.17
2.83
3.11
1.32
2.35
3.49
1.58
1.86
3.67
1.90
1.44
3.56
2.27
1.20
3.25
2.69
1.18
2.86
3.13
1.33
2.37
3.50
1.58
1.85
3.66
1.90
1.42
3.57
2.26
1.22
3.25
2.67
1.17
2.81
3.11
1.31
2.43
3.70
1.74
2.00
3.70
1.87
1.37
3.52
2.25
1.17
3.23
2.66
1.16
2.82
3.11
1.32
2.36
3.50
1.61
1.87
3.68
1.90
1.44
3.60
2.28
1.20
3.26
2.70
1.21
2.86
3.16
1.35
2.40
3.56
1.61
1.93
3.72
1.94
1.49
3.62
2.32
1.23
3.29
2.70
1.18
2.83
3.09
1.31
2.30
3.46
1.55
1.80
3.63
1.87
1.39
3.54
2.24
1.18
3.23
2.67
1.17
2.83
3.12
1.33
2.37
3.52
1.59
1.87
3.69
1.94
1.45
3.58
2.29
1.21
3.28
2.71
1.19
2.85
3.14
1.35
2.38
3.53
1.60
1.87
3.69
1.91
1.44
3.58
2.29
1.21
3.26
2.70
1.19
2.85
3.16
1.34
2.38
3.54
1.60
1.89
3.70
1.93
1.46
3.59
2.30
1.22
3.28
2.71
1.18
2.83
3.14
1.33
2.37
3.53
1.61
1.88
3.70
1.93
1.47
3.60
2.31
1.22
3.27
2.72
1.19
2.85
3.15
1.34
2.38
3.54
1.60
1.88
3.70
1.92
1.42
3.55
2.28
1.28
3.39
3.02
1.33
2.87
3.10
1.31
2.34
3.50
1.58
1.83
3.66
1.92
1.42
3.56
2.29
1.20
3.26
2.71
1.19
2.85
3.16
1.34
2.38
3.54
1.61
1.89
3.72
1.94
1.47
3.60
2.33
1.24
3.29
2.76
1.22
2.89
3.21
1.36
2.42
3.58
1.63
1.89
3.71
1.93
1.42
3.55
2.26
1.17
3.21
2.67
1.16
2.80
3.11
1.32
2.32
3.51
1.60
1.82
3.67
1.91
1.41
3.55
2.29
1.19
3.25
2.71
1.20
2.83
3.17
1.35
2.37
3.56
1.61
1.87
3.70
1.94
1.44
3.58
2.31
1.22
3.26
2.73
1.20
2.85
3.19
1.35
2.37
3.57
1.62
1.88
3.71
1.94
1.44
3.58
2.32
1.20
3.26
2.74
1.20
2.83
3.18
1.35
2.36
3.55
1.63
1.86
3.70
1.95
1.43
3.60
2.32
1.21
3.26
2.74
1.22
2.84
3.19
1.35
2.37
3.58
1.63
1.87
3.71
1.95
1.43
3.58
2.32
1.20
3.24
2.75
1.19
2.83
3.19
1.35
2.35
3.55
1.61
1.80
3.69
1.98
1.68
3.76
2.51
1.24
3.20
2.70
1.17
2.79
3.14
1.33
2.30
3.53
1.61
1.82
3.69
1.94
1.42
3.57
2.32
1.20
3.25
2.75
1.19
2.83
3.19
1.36
2.36
3.59
1.64
1.89
3.73
1.97
1.47
3.60
2.37
1.24
3.29
2.81
1.23
2.88
3.24
1.38
2.36
3.56
1.62
1.81
3.67
1.92
1.37
3.53
2.29
1.17
3.20
2.72
1.18
2.79
3.16
1.35
2.31
3.56
1.62
1.82
3.69
1.95
1.41
3.56
2.33
1.20
3.24
2.77
1.20
2.82
3.21
1.37
2.37
3.58
1.64
1.85
3.70
1.96
1.43
3.57
2.34
1.20
3.25
2.77
1.20
2.82
3.21
1.40
2.35
3.59
1.64
1.84
3.70
1.96
1.42
3.57
2.34
1.20
3.25
2.77
1.20
2.82
3.22
1.36
2.34
3.59
1.65
1.86
3.71
1.97
1.42
3.57
2.35
1.20
3.24
2.78
1.21
2.83
3.23
1.38
2.35
3.60
1.68
1.84
3.71
1.97
1.40
3.58
2.34
1.19
3.23
2.77
1.20
2.81
3.22
1.37
2.31
3.55
1.62
1.83
3.77
2.12
1.72
3.74
2.36
1.17
3.19
2.75
1.19
2.76
3.18
1.35
2.29
3.56
1.63
1.81
3.70
1.97
1.40
3.55
2.36
1.20
3.22
2.79
1.21
2.83
3.24
1.38
2.34
3.62
1.68
1.86
3.74
2.01
1.45
3.60
2.41
1.24
3.26
2.83
1.25
2.83
3.26
1.39
2.32
3.58
1.64
1.77
3.67
1.95
1.35
3.51
2.32
1.16
3.18
2.78
1.19
2.75
3.21
1.36
2.28
3.58
1.64
1.80
3.70
1.98
1.39
3.55
2.39
1.20
3.22
2.80
1.21
2.80
3.24
1.39
2.31
3.60
1.67
1.81
3.71
1.99
1.40
3.55
2.38
1.20
3.21
2.80
1.21
2.78
3.24
1.39
2.30
3.60
1.66
1.80
3.73
2.00
1.39
3.54
2.38
1.20
3.21
2.81
1.21
2.79
3.26
1.39
2.30
3.60
1.67
1.81
3.71
2.01
1.42
3.56
2.41
1.21
3.21
2.83
1.21
2.78
3.26
1.39
2.29
3.61
1.67
1.79
3.70
2.04
1.38
3.53
2.38
1.19
3.22
2.93
1.32
3.01
3.30
1.40
2.22
3.58
1.66
1.76
3.69
1.99
1.36
3.52
2.38
1.18
3.19
2.82
1.22
2.76
3.27
1.40
2.29
3.62
1.69
1.80
3.72
2.06
1.40
3.55
2.42
1.22
3.22
2.87
1.25
2.81
3.33
1.44
2.34
3.67
1.72
1.83
3.73
2.04
1.38
3.53
2.38
1.18
3.14
2.78
1.18
2.69
3.21
1.37
2.20
3.57
1.66
1.73
3.67
1.99
1.34
3.51
2.39
1.17
3.16
2.85
1.21
2.74
3.27
1.40
2.26
3.62
1.69
1.77
3.71
2.04
1.38
3.53
2.41
1.19
3.17
2.83
1.22
2.74
3.27
1.41
2.26
3.62
1.69
1.76
3.70
2.02
1.37
3.52
2.41
1.19
3.17
2.84
1.23
2.74
3.28
1.41
2.26
3.63
1.70
1.77
3.72
2.04
1.39
3.53
2.42
1.21
3.17
2.83
1.22
2.72
3.28
1.41
2.24
3.62
1.70
1.76
3.70
2.02
1.33
3.50
2.45
1.28
3.32
3.05
1.30
2.67
3.21
1.37
2.20
3.59
1.69
1.72
3.68
2.01
1.34
3.50
2.41
1.18
3.16
2.85
1.25
2.73
3.30
1.42
2.25
3.63
1.71
1.77
3.74
2.06
1.38
3.54
2.46
1.22
3.20
2.91
1.26
2.79
3.36
1.45
2.30
3.68
1.73
1.77
3.71
2.04
1.34
3.49
2.40
1.15
3.11
2.81
1.20
2.69
3.25
1.40
2.19
3.60
1.68
1.71
3.68
2.03
1.34
3.49
2.43
1.18
3.15
2.87
1.23
2.72
3.31
1.43
2.24
3.65
1.72
1.75
3.72
2.05
1.36
3.51
2.45
1.20
3.16
2.88
1.23
2.72
3.31
1.42
2.23
3.64
1.72
1.75
3.70
2.05
1.35
3.50
2.46
1.18
3.14
2.88
1.23
2.71
3.32
1.43
2.23
3.65
1.72
1.75
3.71
2.06
1.35
3.53
2.44
1.18
3.14
2.87
1.23
2.70
3.31
1.43
2.22
3.64
1.72
1.71
3.68
2.03
1.39
3.56
2.70
1.38
3.32
2.84
1.20
2.64
3.28
1.41
2.17
3.60
1.70
1.69
3.67
2.04
1.32
3.48
2.45
1.18
3.13
2.88
1.23
2.70
3.32
1.43
2.21
3.65
1.74
1.74
3.71
2.08
1.36
3.52
2.48
1.21
3.18
2.93
1.27
2.75
3.37
1.46
2.25
3.67
1.73
1.71
3.69
2.04
1.30
3.46
2.41
1.15
3.08
2.84
1.21
2.64
3.29
1.42
2.17
3.64
1.71
1.69
3.69
2.06
1.33
3.48
2.45
1.18
3.12
2.89
1.23
2.68
3.33
1.44
2.22
3.65
1.73
1.72
3.70
2.08
1.34
3.49
2.47
1.19
3.13
2.90
1.24
2.69
3.34
1.44
2.20
3.65
1.74
1.71
3.70
2.08
1.33
3.48
2.47
1.18
3.12
2.91
1.24
2.68
3.35
1.45
2.19
3.66
1.74
1.72
3.72
2.09
1.34
3.49
2.47
1.20
3.12
2.90
1.24
2.67
3.35
1.45
2.18
3.68
1.74
1.70
3.69
2.07
1.32
3.45
2.52
1.30
3.34
3.12
1.31
2.61
3.30
1.43
2.14
3.63
1.72
1.66
3.67
2.07
1.31
3.47
2.47
1.17
3.10
2.92
1.24
2.67
3.36
1.45
2.18
3.67
1.75
1.71
3.71
2.11
1.34
3.50
2.52
1.20
3.15
2.97
1.27
2.72
3.41
1.50
2.23
3.70
1.77
1.71
3.70
2.09
1.30
3.45
2.45
1.16
3.05
2.86
1.21
2.61
3.32
1.43
2.13
3.63
1.73
1.66
3.67
2.08
1.30
3.46
2.50
1.17
3.09
2.92
1.25
2.66
3.37
1.46
2.17
3.68
1.75
1.69
3.70
2.09
1.32
3.48
2.49
1.18
3.11
2.93
1.25
2.67
3.36
1.46
2.17
3.67
1.75
1.69
3.70
2.11
1.32
3.50
2.50
1.18
3.10
2.93
1.26
2.66
3.37
1.46
2.17
3.67
1.75
1.68
3.70
2.11
1.32
3.47
2.50
1.19
3.11
2.94
1.25
2.65
3.37
1.46
2.15
3.66
1.75
1.68
3.69
2.11
1.31
3.47
2.50
1.16
3.07
2.89
1.24
2.75
3.65
1.63
2.23
3.66
1.74
1.66
3.68
2.08
1.28
3.44
2.48
1.16
3.08
2.93
1.25
2.64
3.38
1.47
2.16
3.69
1.76
1.67
3.70
2.12
1.32
3.48
2.53
1.20
3.11
3.00
1.28
2.69
3.43
1.50
2.21
3.72
1.83
1.73
3.73
2.15
1.34
3.48
2.52
1.17
3.06
2.91
1.23
2.58
3.31
1.44
2.07
3.61
1.73
1.60
3.65
2.09
1.28
3.44
2.50
1.18
3.07
2.94
1.25
2.63
3.40
1.47
2.14
3.69
1.77
1.66
3.70
2.13
1.31
3.46
2.53
1.18
3.08
2.97
1.26
2.66
3.40
1.48
2.14
3.68
1.79
1.66
3.69
2.13
1.30
3.45
2.53
1.18
3.10
2.96
1.26
2.62
3.39
1.48
2.13
3.68
1.77
1.65
3.68
2.13
1.30
3.46
2.53
1.20
3.08
2.98
1.27
2.63
3.41
1.49
2.13
3.69
1.78
1.65
3.70
2.14
1.31
3.46
2.55
1.18
3.06
2.97
1.26
2.63
3.50
1.55
2.39
3.76
1.78
1.58
3.64
2.11
1.27
3.42
2.52
1.16
3.04
2.95
1.25
2.59
3.39
1.49
2.11
3.68
1.78
1.64
3.68
2.14
1.30
3.44
2.55
1.19
3.07
3.01
1.31
2.65
3.46
1.52
2.17
3.73
1.83
1.70
3.73
2.19
1.33
3.47
2.57
1.19
3.05
2.96
1.25
2.56
3.37
1.46
2.04
3.63
1.75
1.56
3.64
2.11
1.25
3.40
2.52
1.16
3.02
2.99
1.26
2.58
3.41
1.48
2.10
3.68
1.79
1.61
3.68
2.15
1.29
3.43
2.56
1.18
3.04
3.00
1.27
2.60
3.43
1.50
2.09
3.69
1.80
1.61
3.67
2.15
1.28
3.42
2.56
1.18
3.04
3.00
1.27
2.59
3.44
1.51
2.09
3.70
1.81
1.62
3.68
2.17
1.28
3.42
2.57
1.18
3.05
3.01
1.28
2.58
3.44
1.51
2.07
3.69
1.81
1.59
3.67
2.16
1.28
3.41
2.57
1.17
3.01
2.98
1.26
2.65
3.61
1.63
2.32
3.76
1.82
1.53
3.63
2.15
1.25
3.41
2.56
1.17
3.01
3.01
1.28
2.56
3.44
1.52
2.07
3.70
1.82
1.60
3.70
2.18
1.28
3.42
2.61
1.19
3.04
3.05
1.30
2.60
3.50
1.54
2.13
3.75
1.86
1.66
3.71
2.22
1.31
3.43
2.61
1.19
3.00
3.00
1.27
2.52
3.40
1.49
1.99
3.65
1.80
1.52
3.63
2.16
1.24
3.37
2.57
1.16
2.98
3.02
1.28
2.53
3.45
1.52
2.04
3.70
1.83
1.60
3.67
2.19
1.27
3.39
2.61
1.18
3.00
3.07
1.29
2.53
3.47
1.53
2.05
3.71
1.84
1.57
3.66
2.20
1.26
3.39
2.61
1.18
3.00
3.06
1.30
2.53
3.48
1.54
2.03
3.70
1.84
1.56
3.66
2.21
1.26
3.39
2.62
1.18
2.99
3.07
1.30
2.53
3.49
1.54
2.03
3.72
1.86
1.55
3.65
2.21
1.25
3.37
2.61
1.17
2.96
3.07
1.30
2.50
3.49
1.54
2.00
3.70
1.84
1.50
3.62
2.25
1.43
3.56
2.84
1.24
2.92
3.02
1.28
2.45
3.44
1.52
1.95
3.68
1.84
1.51
3.63
2.21
1.23
3.35
2.64
1.18
2.95
3.08
1.30
2.49
3.50
1.55
2.00
3.74
1.88
1.55
3.66
2.26
1.27
3.38
2.67
1.20
3.00
3.15
1.34
2.55
3.56
1.59
2.03
3.73
1.88
1.51
3.62
2.21
1.21
3.31
2.61
1.15
2.91
3.06
1.30
2.44
3.48
1.54
1.96
3.70
1.87
1.51
3.64
2.24
1.23
3.34
2.66
1.18
2.93
3.10
1.31
2.47
3.52
1.57
1.97
3.72
1.89
1.52
3.64
2.27
1.24
3.34
2.67
1.18
2.93
3.11
1.31
2.47
3.52
1.57
1.96
3.71
1.89
1.52
3.63
2.26
1.24
3.33
2.68
1.19
2.93
3.12
1.32
2.46
3.53
1.58
1.96
3.71
1.90
1.51
3.63
2.27
1.26
3.32
2.69
1.19
2.92
3.14
1.32
2.46
3.55
1.59
1.97
3.72
1.91
1.49
3.62
2.27
1.22
3.31
2.69
1.19
2.90
3.14
1.33
2.44
3.52
1.57
1.88
3.70
1.93
1.74
3.83
2.45
1.25
3.27
2.66
1.18
2.87
3.11
1.32
2.39
3.51
1.58
1.91
3.70
1.91
1.48
3.61
2.29
1.25
3.31
2.71
1.19
2.90
3.17
1.34
2.44
3.57
1.61
1.96
3.75
1.95
1.52
3.64
2.33
1.26
3.34
2.77
1.23
2.94
3.21
1.36
2.42
3.56
1.60
1.86
3.68
1.89
1.40
3.55
2.25
1.17
3.24
2.67
1.16
2.82
3.12
1.32
2.36
3.53
1.59
1.87
3.70
1.92
1.44
3.59
2.29
1.20
3.26
2.72
1.19
2.86
3.18
1.35
2.39
3.57
1.62
1.89
3.72
1.95
1.46
3.59
2.32
1.21
3.27
2.76
1.20
2.85
3.19
1.35
2.38
3.58
1.63
1.89
3.72
1.96
1.45
3.60
2.33
1.21
3.26
2.76
1.20
2.85
3.20
1.36
2.38
3.58
1.64
1.88
3.73
1.96
1.45
3.59
2.34
1.22
3.27
2.77
1.21
2.85
3.23
1.37
2.37
3.58
1.64
1.86
3.72
1.96
1.43
3.58
2.37
1.20
3.25
2.80
1.20
2.82
3.20
1.35
2.33
3.64
1.70
2.16
3.86
2.01
1.40
3.54
2.35
1.19
3.23
2.76
1.19
2.81
3.21
1.37
2.33
3.58
1.65
1.84
3.71
1.98
1.42
3.57
2.37
1.21
3.24
2.81
1.22
2.83
3.27
1.39
2.37
3.64
1.68
1.89
3.76
2.02
1.46
3.60
2.42
1.24
3.26
2.83
1.22
2.80
3.22
1.37
2.26
3.55
1.63
1.74
3.66
1.96
1.35
3.51
2.34
1.17
3.18
2.78
1.19
2.77
3.23
1.38
2.29
3.60
1.66
1.80
3.71
2.00
1.39
3.55
2.39
1.21
3.21
2.83
1.22
2.79
3.27
1.40
2.30
3.62
1.68
1.80
3.71
2.01
1.39
3.54
2.42
1.19
3.20
2.83
1.22
2.78
3.27
1.40
2.28
3.62
1.68
1.77
3.70
2.03
1.37
3.53
2.40
1.19
3.19
2.83
1.22
2.76
3.29
1.42
2.28
3.63
1.69
1.77
3.70
2.02
1.37
3.53
2.41
1.18
3.18
2.84
1.22
2.75
3.27
1.41
2.23
3.65
1.72
1.97
3.86
2.18
1.37
3.48
2.37
1.15
3.14
2.83
1.21
2.71
3.28
1.41
2.23
3.62
1.70
1.74
3.70
2.04
1.36
3.52
2.43
1.19
3.18
2.87
1.24
2.74
3.33
1.44
2.28
3.68
1.74
1.79
3.75
2.09
1.43
3.56
2.49
1.23
3.20
2.93
1.25
2.74
3.31
1.42
2.20
3.61
1.69
1.67
3.66
2.04
1.30
3.46
2.41
1.15
3.13
2.85
1.21
2.67
3.30
1.42
2.19
3.63
1.72
1.72
3.70
2.07
1.34
3.50
2.47
1.19
3.14
2.90
1.25
2.70
3.36
1.44
2.20
3.65
1.73
1.71
3.70
2.07
1.33
3.49
2.46
1.18
3.12
2.91
1.24
2.67
3.34
1.44
2.19
3.65
1.76
1.70
3.70
2.09
1.32
3.48
2.48
1.18
3.10
2.91
1.25
2.68
3.37
1.48
2.19
3.67
1.74
1.70
3.70
2.09
1.32
3.48
2.49
1.18
3.11
2.93
1.25
2.67
3.38
1.46
2.13
3.66
1.76
1.87
3.85
2.29
1.35
3.44
2.46
1.15
3.07
2.90
1.23
2.62
3.34
1.45
2.14
3.66
1.75
1.67
3.69
2.11
1.31
3.46
2.51
1.18
3.10
2.96
1.26
2.66
3.40
1.49
2.18
3.70
1.79
1.72
3.73
2.16
1.38
3.50
2.57
1.22
3.12
3.00
1.28
2.65
3.39
1.48
2.10
3.64
1.74
1.59
3.64
2.08
1.26
3.41
2.49
1.15
3.03
2.93
1.24
2.59
3.36
1.47
2.10
3.68
1.77
1.62
3.67
2.13
1.29
3.44
2.53
1.17
3.05
2.97
1.27
2.61
3.40
1.49
2.11
3.68
1.79
1.64
3.68
2.14
1.29
3.43
2.55
1.17
3.05
2.98
1.27
2.59
3.41
1.49
2.10
3.68
1.79
1.62
3.68
2.15
1.29
3.43
2.55
1.19
3.04
3.00
1.27
2.59
3.42
1.50
2.09
3.69
1.80
1.63
3.69
2.17
1.28
3.42
2.58
1.18
3.03
3.00
1.27
2.58
3.43
1.50
2.08
3.69
1.81
1.59
3.66
2.14
1.23
3.37
2.66
1.36
3.33
3.18
1.33
2.49
3.39
1.49
2.01
3.64
1.78
1.54
3.63
2.15
1.25
3.38
2.56
1.16
3.01
3.01
1.28
2.55
3.45
1.51
2.06
3.70
1.82
1.60
3.68
2.19
1.29
3.43
2.61
1.20
3.04
3.07
1.30
2.60
3.50
1.56
2.11
3.73
1.85
1.60
3.67
2.18
1.25
3.39
2.56
1.15
2.96
2.99
1.28
2.51
3.43
1.51
2.01
3.69
1.81
1.56
3.66
2.18
1.26
3.38
2.60
1.18
3.00
3.08
1.29
2.54
3.48
1.53
2.04
3.71
1.85
1.57
3.66
2.20
1.26
3.39
2.61
1.17
3.00
3.06
1.30
2.52
3.48
1.54
2.03
3.71
1.85
1.56
3.66
2.21
1.26
3.38
2.62
1.18
2.98
3.07
1.30
2.52
3.48
1.54
2.02
3.72
1.85
1.56
3.66
2.22
1.26
3.38
2.64
1.19
2.98
3.11
1.30
2.50
3.49
1.55
2.00
3.71
1.86
1.54
3.65
2.22
1.25
3.36
2.61
1.16
2.92
3.12
1.35
2.79
3.69
1.65
1.96
3.68
1.85
1.51
3.62
2.20
1.22
3.33
2.62
1.17
2.94
3.08
1.30
2.48
3.49
1.55
1.98
3.73
1.87
1.53
3.64
2.24
1.26
3.36
2.67
1.19
2.97
3.13
1.33
2.52
3.55
1.59
2.05
3.75
1.91
1.57
3.68
2.30
1.26
3.36
2.67
1.18
2.91
3.07
1.30
2.42
3.47
1.54
1.91
3.68
1.86
1.48
3.60
2.23
1.21
3.32
2.65
1.17
2.91
3.11
1.32
2.45
3.52
1.57
1.96
3.71
1.89
1.52
3.64
2.27
1.23
3.33
2.69
1.19
2.92
3.13
1.33
2.45
3.53
1.58
1.96
3.72
1.90
1.50
3.62
2.27
1.23
3.31
2.69
1.19
2.91
3.14
1.32
2.44
3.54
1.59
1.94
3.74
1.91
1.49
3.62
2.27
1.23
3.31
2.69
1.19
2.91
3.16
1.34
2.43
3.56
1.59
1.94
3.72
1.91
1.49
3.62
2.29
1.22
3.31
2.71
1.19
2.89
3.13
1.32
2.38
3.58
1.63
2.21
3.87
1.98
1.45
3.58
2.28
1.23
3.28
2.68
1.18
2.85
3.16
1.34
2.40
3.55
1.60
1.90
3.72
1.93
1.47
3.61
2.31
1.22
3.30
2.74
1.20
2.89
3.20
1.36
2.44
3.60
1.63
1.95
3.79
1.96
1.51
3.64
2.35
1.25
3.32
2.77
1.21
2.87
3.17
1.34
2.36
3.53
1.59
1.84
3.68
1.91
1.41
3.56
2.28
1.18
3.25
2.71
1.18
2.83
3.17
1.34
2.39
3.56
1.62
1.88
3.72
1.96
1.46
3.60
2.34
1.22
3.28
2.77
1.21
2.86
3.21
1.36
2.38
3.59
1.63
1.88
3.72
1.96
1.45
3.59
2.34
1.22
3.26
2.77
1.21
2.84
3.22
1.37
2.37
3.59
1.64
1.87
3.73
1.97
1.44
3.59
2.35
1.21
3.25
2.76
1.20
2.82
3.21
1.37
2.34
3.58
1.64
1.84
3.71
1.96
1.40
3.56
2.33
1.23
3.31
3.00
1.32
2.87
3.17
1.34
2.29
3.57
1.64
1.82
3.71
1.96
1.40
3.55
2.38
1.19
3.23
2.79
1.21
2.81
3.25
1.38
2.36
3.61
1.66
1.84
3.73
2.00
1.43
3.58
2.39
1.22
3.26
2.84
1.25
2.85
3.30
1.44
2.38
3.67
1.69
1.86
3.75
2.00
1.39
3.55
2.35
1.17
3.18
2.76
1.18
2.74
3.20
1.36
2.27
3.58
1.64
1.77
3.69
1.98
1.38
3.54
2.38
1.19
3.20
2.81
1.21
2.78
3.26
1.40
2.31
3.63
1.69
1.81
3.72
2.01
1.39
3.57
2.39
1.19
3.21
2.82
1.22
2.77
3.27
1.39
2.29
3.63
1.68
1.79
3.72
2.02
1.39
3.55
2.40
1.19
3.20
2.83
1.22
2.76
3.28
1.41
2.29
3.63
1.69
1.81
3.73
2.04
1.38
3.54
2.41
1.19
3.18
2.84
1.22
2.75
3.28
1.43
2.26
3.63
1.69
1.76
3.70
2.00
1.37
3.56
2.56
1.38
3.40
2.87
1.22
2.68
3.26
1.39
2.22
3.61
1.68
1.74
3.70
2.02
1.35
3.52
2.42
1.18
3.18
2.86
1.23
2.74
3.31
1.42
2.26
3.65
1.71
1.77
3.73
2.08
1.39
3.55
2.46
1.21
3.22
2.91
1.25
2.77
3.36
1.45
2.29
3.67
1.72
1.74
3.71
2.03
1.32
3.49
2.40
1.15
3.12
2.83
1.20
2.68
3.28
1.41
2.19
3.63
1.70
1.72
3.70
2.04
1.36
3.50
2.44
1.18
3.15
2.89
1.23
2.70
3.33
1.44
2.23
3.66
1.73
1.74
3.71
2.06
1.34
3.50
2.46
1.19
3.15
2.91
1.25
2.73
3.36
1.46
2.25
3.69
1.75
1.77
3.73
2.10
1.36
3.51
2.48
1.19
3.14
2.91
1.24
2.70
3.35
1.45
2.21
3.68
1.74
1.71
3.68
2.03
1.20
3.32
2.20
0.97
2.65
2.40
0.99
2.20
2.95
1.27
1.97
3.55
1.69
1.72
3.74
2.21
1.68
3.76
2.88
1.41
3.29
3.11
1.36
2.91
3.56
1.56
2.39
3.81
1.85
1.87
3.81
2.19
1.44
3.57
2.59
1.26
3.20
3.02
1.30
2.75
3.45
1.51
2.27
3.73
1.80
1.76
3.75
2.16
1.39
3.52
2.55
1.22
3.14
3.01
1.28
2.69
3.42
1.48
2.16
3.65
1.74
1.62
3.64
2.07
1.26
3.40
2.44
1.13
3.01
2.87
1.22
2.58
3.31
1.44
2.08
3.62
1.73
1.61
3.65
2.09
1.28
3.43
2.49
1.17
3.05
2.93
1.25
2.61
3.37
1.46
2.11
3.65
1.76
1.62
3.66
2.11
1.29
3.43
2.51
1.17
3.05
2.95
1.25
2.59
3.37
1.47
2.09
3.65
1.76
1.61
3.66
2.11
1.28
3.42
2.52
1.17
3.08
2.98
1.27
2.62
3.41
1.49
2.12
3.68
1.79
1.61
3.66
2.13
1.28
3.42
2.54
1.20
3.05
3.00
1.28
2.61
3.43
1.51
2.12
3.69
1.79
1.65
3.71
2.25
1.51
3.60
2.56
1.17
2.99
2.97
1.27
2.55
3.38
1.48
2.03
3.65
1.78
1.56
3.63
2.13
1.25
3.38
2.54
1.16
3.02
2.98
1.27
2.57
3.44
1.52
2.09
3.70
1.84
1.65
3.70
2.21
1.34
3.48
2.64
1.24
3.09
3.10
1.33
2.64
3.50
1.54
2.11
3.71
1.83
1.60
3.66
2.17
1.27
3.39
2.56
1.16
2.97
2.97
1.26
2.48
3.38
1.49
1.97
3.62
1.78
1.50
3.59
2.13
1.21
3.33
2.54
1.14
2.93
2.96
1.25
2.46
3.39
1.49
1.98
3.66
1.82
1.55
3.64
2.19
1.27
3.40
2.61
1.19
3.00
3.06
1.30
2.54
3.48
1.54
2.05
3.71
1.85
1.59
3.67
2.23
1.29
3.40
2.64
1.23
3.01
3.09
1.32
2.54
3.50
1.55
2.04
3.70
1.85
1.55
3.65
2.21
1.26
3.37
2.64
1.19
2.97
3.06
1.30
2.46
3.48
1.55
2.21
3.87
2.01
1.50
3.58
2.17
1.23
3.35
2.61
1.16
2.93
3.05
1.30
2.47
3.48
1.56
1.99
3.70
1.86
1.53
3.64
2.23
1.25
3.36
2.65
1.22
2.96
3.11
1.32
2.51
3.54
1.57
2.02
3.74
1.90
1.59
3.67
2.27
1.28
3.38
2.69
1.21
2.96
3.10
1.31
2.47
3.47
1.54
1.92
3.66
1.85
1.47
3.59
2.21
1.21
3.30
2.62
1.17
2.90
3.08
1.31
2.44
3.49
1.57
1.96
3.71
1.89
1.51
3.63
2.26
1.25
3.33
2.68
1.20
2.92
3.12
1.33
2.45
3.52
1.58
1.96
3.71
1.90
1.51
3.62
2.27
1.23
3.32
2.70
1.19
2.91
3.13
1.33
2.45
3.54
1.59
1.94
3.71
1.90
1.49
3.61
2.28
1.23
3.31
2.70
1.20
2.90
3.14
1.33
2.41
3.53
1.61
1.92
3.70
1.91
1.48
3.60
2.28
1.23
3.31
2.70
1.19
2.86
3.10
1.31
2.50
3.76
1.78
2.03
3.73
1.90
1.46
3.59
2.27
1.20
3.26
2.71
1.18
2.86
3.14
1.33
2.39
3.53
1.60
1.91
3.70
1.93
1.47
3.60
2.31
1.23
3.30
2.74
1.21
2.89
3.19
1.36
2.43
3.58
1.64
1.95
3.75
1.96
1.51
3.63
2.35
1.25
3.30
2.74
1.23
2.84
3.14
1.33
2.33
3.53
1.59
1.83
3.67
1.91
1.42
3.56
2.29
1.19
3.25
2.72
1.19
2.83
3.17
1.35
2.37
3.55
1.62
1.86
3.70
1.95
1.45
3.58
2.32
1.22
3.26
2.76
1.21
2.84
3.20
1.36
2.36
3.58
1.63
1.86
3.70
1.96
1.44
3.57
2.34
1.21
3.25
2.77
1.21
2.83
3.21
1.37
2.35
3.58
1.64
1.85
3.74
1.97
1.43
3.57
2.34
1.21
3.25
2.77
1.20
2.82
3.23
1.38
2.36
3.60
1.65
1.85
3.71
1.98
1.44
3.57
2.36
1.20
3.23
2.78
1.21
2.81
3.22
1.38
2.29
3.55
1.63
1.90
3.82
2.19
1.55
3.63
2.34
1.18
3.21
2.77
1.20
2.77
3.21
1.37
2.29
3.58
1.65
1.81
3.70
1.99
1.40
3.55
2.38
1.20
3.22
2.80
1.23
2.79
3.26
1.40
2.32
3.64
1.68
1.84
3.74
2.03
1.46
3.58
2.42
1.23
3.25
2.86
1.24
2.81
3.27
1.40
2.29
3.58
1.65
1.74
3.67
1.98
1.34
3.50
2.35
1.17
3.16
2.79
1.20
2.72
3.23
1.38
2.25
3.59
1.68
1.76
3.69
2.01
1.37
3.53
2.40
1.19
3.18
2.83
1.22
2.76
3.27
1.43
2.27
3.62
1.69
1.77
3.73
2.03
1.37
3.53
2.41
1.19
3.18
2.84
1.22
2.74
3.29
1.41
2.25
3.63
1.70
1.77
3.70
2.04
1.37
3.52
2.42
1.20
3.17
2.86
1.23
2.73
3.30
1.42
2.25
3.64
1.74
1.76
3.70
2.06
1.35
3.51
2.42
1.19
3.16
2.86
1.23
2.72
3.30
1.43
2.23
3.62
1.70
1.71
3.70
2.08
1.53
3.66
2.52
1.21
3.10
2.83
1.21
2.70
3.29
1.42
2.20
3.63
1.72
1.73
3.70
2.06
1.36
3.50
2.46
1.19
3.15
2.90
1.25
2.72
3.35
1.45
2.23
3.67
1.74
1.76
3.72
2.10
1.38
3.52
2.51
1.22
3.18
2.94
1.27
2.73
3.37
1.46
2.22
3.66
1.73
1.68
3.67
2.05
1.29
3.45
2.42
1.15
3.07
2.85
1.21
2.63
3.30
1.43
2.16
3.64
1.73
1.68
3.69
2.08
1.32
3.48
2.49
1.19
3.12
2.92
1.25
2.67
3.38
1.46
2.18
3.67
1.75
1.69
3.70
2.10
1.33
3.48
2.49
1.17
3.10
2.92
1.25
2.65
3.36
1.46
2.16
3.66
1.75
1.68
3.70
2.12
1.32
3.47
2.50
1.18
3.08
2.92
1.24
2.62
3.35
1.46
2.13
3.65
1.76
1.66
3.68
2.11
1.29
3.43
2.48
1.19
3.15
3.19
1.38
2.70
3.33
1.44
2.10
3.65
1.76
1.64
3.67
2.11
1.31
3.45
2.51
1.18
3.06
2.96
1.26
2.62
3.40
1.48
2.13
3.68
1.78
1.66
3.69
2.14
1.32
3.46
2.56
1.20
3.09
3.01
1.29
2.66
3.45
1.51
2.16
3.71
1.81
1.66
3.69
2.14
1.28
3.42
2.51
1.15
3.01
2.93
1.26
2.55
3.36
1.47
2.06
3.64
1.76
1.59
3.66
2.12
1.27
3.41
2.54
1.17
3.04
2.98
1.27
2.59
3.44
1.50
2.10
3.69
1.80
1.64
3.67
2.16
1.29
3.42
2.56
1.18
3.03
3.00
1.28
2.58
3.43
1.51
2.08
3.69
1.80
1.61
3.67
2.16
1.28
3.41
2.57
1.18
3.02
3.02
1.28
2.57
3.44
1.52
2.08
3.69
1.82
1.61
3.67
2.18
1.28
3.40
2.58
1.18
3.01
3.01
1.29
2.55
3.45
1.51
2.06
3.69
1.83
1.57
3.65
2.16
1.23
3.36
2.67
1.33
3.28
3.14
1.31
2.48
3.43
1.52
2.00
3.66
1.81
1.54
3.63
2.17
1.25
3.37
2.59
1.18
2.99
3.04
1.29
2.53
3.46
1.53
2.04
3.70
1.85
1.58
3.67
2.21
1.28
3.40
2.64
1.21
3.02
3.09
1.35
2.56
3.53
1.56
2.06
3.73
1.87
1.56
3.65
2.20
1.24
3.34
2.58
1.15
2.93
3.02
1.28
2.46
3.44
1.52
1.96
3.67
1.83
1.51
3.62
2.20
1.23
3.35
2.62
1.18
2.96
3.07
1.30
2.49
3.48
1.55
1.99
3.70
1.86
1.53
3.64
2.23
1.25
3.36
2.64
1.19
2.96
3.09
1.33
2.48
3.50
1.56
1.98
3.69
1.87
1.52
3.63
2.24
1.28
3.35
2.66
1.20
2.96
3.12
1.32
2.47
3.50
1.56
1.96
3.70
1.87
1.51
3.62
2.24
1.23
3.33
2.66
1.19
2.92
3.08
1.30
2.41
3.56
1.62
2.28
3.86
1.95
1.47
3.59
2.25
1.22
3.30
2.65
1.18
2.91
3.12
1.32
2.45
3.53
1.58
1.96
3.72
1.91
1.51
3.65
2.28
1.24
3.33
2.70
1.21
2.92
3.15
1.34
2.46
3.59
1.61
1.97
3.74
1.93
1.52
3.64
2.30
1.25
3.33
2.71
1.19
2.88
3.12
1.32
2.37
3.48
1.56
1.85
3.66
1.88
1.42
3.56
2.25
1.19
3.26
2.68
1.17
2.84
3.13
1.33
2.39
3.53
1.61
1.90
3.70
1.93
1.47
3.60
2.30
1.22
3.29
2.73
1.20
2.87
3.17
1.34
2.39
3.56
1.61
1.89
3.71
1.94
1.46
3.60
2.32
1.22
3.28
2.74
1.20
2.86
3.18
1.35
2.38
3.56
1.62
1.89
3.71
1.95
1.46
3.59
2.33
1.21
3.27
2.75
1.20
2.86
3.20
1.36
2.36
3.56
1.64
1.85
3.70
1.95
1.43
3.57
2.34
1.21
3.26
2.76
1.20
2.82
3.17
1.35
2.39
3.71
1.75
2.06
3.79
1.95
1.38
3.54
2.33
1.19
3.22
2.75
1.20
2.81
3.21
1.37
2.34
3.59
1.64
1.84
3.71
1.97
1.42
3.57
2.36
1.21
3.25
2.81
1.22
2.83
3.26
1.40
2.37
3.63
1.68
1.88
3.75
2.01
1.45
3.59
2.40
1.23
3.25
2.82
1.22
2.79
3.22
1.37
2.26
3.56
1.64
1.75
3.67
1.96
1.35
3.52
2.35
1.17
3.18
2.78
1.20
2.76
3.24
1.39
2.28
3.60
1.67
1.79
3.71
2.01
1.39
3.54
2.39
1.19
3.19
2.82
1.21
2.76
3.26
1.40
2.27
3.62
1.68
1.78
3.70
2.04
1.38
3.53
2.41
1.19
3.19
2.84
1.22
2.75
3.29
1.43
2.29
3.64
1.71
1.78
3.71
2.03
1.36
3.52
2.41
1.19
3.17
2.84
1.23
2.73
3.31
1.42
2.24
3.61
1.69
1.71
3.69
2.08
1.59
3.70
2.52
1.20
3.12
2.85
1.22
2.70
3.28
1.41
2.22
3.62
1.70
1.72
3.70
2.05
1.35
3.51
2.45
1.19
3.16
2.89
1.25
2.74
3.34
1.44
2.24
3.67
1.74
1.75
3.72
2.09
1.38
3.53
2.50
1.22
3.18
2.94
1.28
2.73
3.36
1.45
2.20
3.63
1.72
1.67
3.66
2.04
1.29
3.45
2.43
1.15
3.08
2.87
1.22
2.64
3.31
1.43
2.16
3.67
1.73
1.68
3.69
2.08
1.33
3.48
2.48
1.18
3.11
2.93
1.25
2.67
3.37
1.46
2.18
3.67
1.75
1.68
3.69
2.10
1.32
3.47
2.51
1.18
3.12
2.94
1.26
2.64
3.38
1.47
2.16
3.67
1.76
1.67
3.69
2.11
1.31
3.46
2.51
1.18
3.08
2.95
1.26
2.64
3.40
1.49
2.15
3.68
1.77
1.65
3.68
2.12
1.30
3.45
2.52
1.18
3.06
2.99
1.26
2.61
3.38
1.47
2.11
3.69
1.82
1.92
3.85
2.21
1.29
3.40
2.53
1.17
3.03
2.95
1.25
2.57
3.39
1.48
2.09
3.67
1.78
1.63
3.69
2.15
1.29
3.42
2.56
1.21
3.04
3.01
1.28
2.60
3.46
1.51
2.12
3.71
1.82
1.67
3.70
2.18
1.30
3.45
2.60
1.20
3.06
3.05
1.29
2.57
3.43
1.51
2.04
3.66
1.79
1.55
3.63
2.14
1.24
3.37
2.55
1.16
2.98
3.00
1.27
2.52
3.43
1.51
2.04
3.68
1.82
1.57
3.66
2.19
1.27
3.40
2.61
1.19
3.01
3.05
1.30
2.54
3.46
1.53
2.04
3.69
1.83
1.56
3.65
2.20
1.26
3.38
2.61
1.18
2.98
3.05
1.30
2.52
3.48
1.53
2.02
3.70
1.85
1.55
3.65
2.21
1.26
3.37
2.65
1.19
2.99
3.08
1.31
2.50
3.48
1.54
2.00
3.70
1.87
1.53
3.64
2.23
1.26
3.36
2.63
1.18
2.93
3.12
1.36
2.69
3.62
1.60
1.92
3.66
1.84
1.52
3.63
2.22
1.23
3.33
2.64
1.21
2.93
3.09
1.32
2.47
3.51
1.57
1.97
3.72
1.89
1.55
3.64
2.27
1.25
3.35
2.70
1.21
2.96
3.17
1.35
2.51
3.57
1.61
2.02
3.75
1.94
1.55
3.65
2.30
1.25
3.35
2.68
1.18
2.87
3.09
1.31
2.37
3.48
1.56
1.87
3.68
1.88
1.44
3.58
2.26
1.20
3.28
2.68
1.19
2.87
3.14
1.33
2.41
3.57
1.60
1.92
3.72
1.93
1.49
3.61
2.31
1.23
3.29
2.73
1.19
2.87
3.17
1.35
2.39
3.55
1.61
1.90
3.71
1.94
1.46
3.59
2.32
1.22
3.27
2.76
1.21
2.86
3.19
1.37
2.37
3.55
1.61
1.86
3.70
1.94
1.43
3.57
2.32
1.21
3.26
2.75
1.20
2.82
3.17
1.35
2.42
3.73
1.76
1.97
3.73
1.93
1.38
3.54
2.33
1.19
3.23
2.75
1.20
2.81
3.21
1.37
2.34
3.59
1.65
1.88
3.72
1.98
1.44
3.58
2.39
1.22
3.25
2.82
1.23
2.84
3.27
1.40
2.37
3.64
1.69
1.88
3.75
2.02
1.46
3.59
2.41
1.23
3.25
2.81
1.23
2.77
3.21
1.37
2.24
3.54
1.63
1.74
3.67
1.96
1.37
3.51
2.36
1.17
3.17
2.79
1.20
2.75
3.25
1.39
2.27
3.61
1.67
1.77
3.70
2.01
1.38
3.53
2.40
1.20
3.19
2.84
1.22
2.77
3.28
1.42
2.26
3.62
1.72
1.76
3.70
2.03
1.37
3.52
2.42
1.19
3.17
2.85
1.23
2.74
3.30
1.42
2.25
3.63
1.71
1.76
3.71
2.05
1.37
3.53
2.45
1.20
3.16
2.88
1.23
2.71
3.31
1.42
2.24
3.64
1.71
1.73
3.70
2.08
1.34
3.50
2.43
1.17
3.12
2.94
1.31
2.97
3.50
1.51
2.12
3.58
1.70
1.68
3.67
2.05
1.31
3.47
2.44
1.17
3.10
2.88
1.23
2.67
3.33
1.45
2.18
3.66
1.74
1.71
3.70
2.09
1.34
3.49
2.50
1.20
3.13
2.95
1.27
2.70
3.40
1.48
2.22
3.70
1.78
1.74
3.72
2.13
1.32
3.47
2.49
1.17
3.08
2.89
1.23
2.59
3.31
1.46
2.10
3.62
1.74
1.62
3.65
2.09
1.29
3.44
2.50
1.18
3.06
2.94
1.25
2.61
3.38
1.47
2.12
3.67
1.77
1.65
3.69
2.13
1.31
3.45
2.53
1.18
3.06
2.97
1.27
2.61
3.40
1.49
2.11
3.68
1.78
1.63
3.68
2.17
1.30
3.43
2.55
1.18
3.06
2.99
1.27
2.60
3.42
1.50
2.09
3.68
1.80
1.61
3.67
2.16
1.28
3.42
2.58
1.19
3.04
3.01
1.30
2.58
3.43
1.50
2.06
3.68
1.81
1.59
3.67
2.17
1.28
3.41
2.57
1.16
2.97
3.00
1.30
2.74
3.70
1.66
2.04
3.64
1.78
1.55
3.64
2.17
1.24
3.36
2.56
1.16
3.00
3.02
1.28
2.53
3.45
1.52
2.04
3.70
1.84
1.57
3.66
2.20
1.27
3.39
2.62
1.22
3.01
3.08
1.31
2.56
3.52
1.56
2.08
3.74
1.89
1.61
3.69
2.25
1.27
3.38
2.61
1.17
2.94
3.04
1.28
2.44
3.43
1.52
1.95
3.66
1.83
1.51
3.62
2.20
1.23
3.33
2.61
1.17
2.96
3.07
1.30
2.47
3.48
1.55
1.98
3.70
1.87
1.53
3.64
2.25
1.25
3.35
2.66
1.19
2.94
3.10
1.32
2.46
3.50
1.56
1.97
3.70
1.89
1.52
3.63
2.25
1.25
3.33
2.67
1.19
2.93
3.11
1.32
2.45
3.52
1.57
1.95
3.71
1.90
1.51
3.63
2.27
1.23
3.32
2.71
1.19
2.91
3.14
1.33
2.44
3.53
1.58
1.94
3.71
1.93
1.50
3.62
2.29
1.24
3.32
2.70
1.19
2.92
3.14
1.33
2.41
3.53
1.62
1.91
3.70
1.92
1.47
3.60
2.28
1.20
3.26
2.72
1.24
3.07
3.40
1.45
2.35
3.52
1.57
1.87
3.70
1.90
1.43
3.57
2.28
1.20
3.26
2.71
1.19
2.85
3.17
1.35
2.39
3.57
1.62
1.90
3.72
1.95
1.47
3.60
2.34
1.24
3.29
2.77
1.22
2.88
3.24
1.40
2.42
3.62
1.65
1.93
3.75
1.98
1.47
3.60
2.33
1.20
3.24
2.72
1.18
2.79
3.15
1.34
2.30
3.53
1.61
1.81
3.68
1.94
1.40
3.55
2.32
1.21
3.23
2.75
1.20
2.81
3.21
1.37
2.33
3.59
1.64
1.87
3.71
1.97
1.42
3.57
2.38
1.21
3.23
2.80
1.21
2.80
3.23
1.38
2.34
3.59
1.65
1.85
3.71
1.98
1.41
3.56
2.37
1.20
3.22
2.80
1.21
2.82
3.25
1.39
2.31
3.60
1.66
1.82
3.71
2.00
1.41
3.56
2.39
1.20
3.21
2.82
1.22
2.79
3.26
1.40
2.30
3.63
1.67
1.81
3.71
2.01
1.41
3.56
2.41
1.24
3.21
2.83
1.22
2.76
3.26
1.40
2.26
3.61