   1.53 
   1.57 
   1.67 
   1.78 
   1.90 
   1.96 
   1.96 
   1.89 
   1.78 
   1.65 
   1.56 
   1.53 
   1.54 
   1.63 
   1.76 
   1.87 
   1.94 
   1.96 
   1.90 
   1.81 
   1.68 
   1.58 
   1.52 
   1.53 
   1.62 
   1.73 
   1.85 
   1.94 
   1.97 
   1.93 
   1.84 
   1.72 
   1.61 
   1.54 
   1.54 
   1.61 
   1.72 
   1.84 
   1.94 
   1.98 
   1.96 
   1.87 
   1.75 
   1.64 
   1.57 
   1.55 
   1.60 
   1.73 
   1.83 
   1.93 
   1.98 
   1.97 
   1.90 
   1.78 
   1.67 
   1.57 
   1.54 
   1.58 
   1.67 
   1.80 
   1.93 
   1.98 
   1.98 
   1.92 
   1.81 
   1.69 
   1.60 
   1.55 
   1.58 
   1.67 
   1.79 
   1.91 
   1.98 
   1.99 
   1.95 
   1.85 
   1.73 
   1.63 
   1.58 
   1.60 
   1.69 
   1.81 
   1.94 
   2.02 
   2.06 
   2.01 
   1.92 
   1.79 
   1.71 
   1.61 
   1.60 
   1.65 
   1.75 
   1.87 
   1.96 
   2.01 
   1.98 
   1.89 
   1.77 
   1.65 
   1.56 
   1.53 
   1.58 
   1.68 
   1.79 
   1.90 
   1.97 
   1.94 
   1.86 
   1.75 
   1.62 
   1.56 
   1.50 
   1.53 
   1.63 
   1.74 
   1.85 
   1.93 
   1.95 
   1.88 
   1.77 
   1.65 
   1.55 
   1.51 
   1.52 
   1.61 
   1.73 
   1.85 
   1.93 
   1.96 
   1.91 
   1.81 
   1.69 
   1.59 
   1.52 
   1.53 
   1.60 
   1.72 
   1.83 
   1.94 
   1.97 
   1.94 
   1.85 
   1.73 
   1.62 
   1.54 
   1.53 
   1.58 
   1.69 
   1.80 
   1.90 
   1.93 
   1.93 
   1.81 
   1.70 
   1.58 
   1.51 
   1.51 
   1.58 
   1.74 
   1.95 
   2.11 
   2.25 
   2.32 
   2.31 
   2.25 
   2.20 
   2.18 
   2.21 
   2.30 
   2.41 
   2.52 
   2.58 
   2.56 
   2.44 
   2.26 
   2.03 
   1.78 
   1.57 
   1.42 
   1.36 
   1.38 
   1.46 
   1.55 
   1.64 
   1.68 
   1.67 
   1.60 
   1.52 
   1.45 
   1.41 
   1.44 
   1.52 
   1.65 
   1.78 
   1.88 
   1.93 
   1.90 
   1.81 
   1.70 
   1.59 
   1.54 
   1.52 
   1.57 
   1.68 
   1.81 
   1.92 
   1.98 
   1.96 
   1.90 
   1.78 
   1.67 
   1.59 
   1.56 
   1.62 
   1.72 
   1.84 
   1.96 
   2.02 
   2.03 
   1.96 
   1.86 
   1.74 
   1.65 
   1.61 
   1.64 
   1.73 
   1.85 
   1.96 
   2.04 
   2.06 
   2.00 
   1.91 
   1.78 
   1.69 
   1.63 
   1.65 
   1.74 
   1.85 
   1.97 
   2.07 
   2.10 
   2.06 
   1.96 
   1.85 
   1.73 
   1.67 
   1.67 
   1.74 
   1.85 
   1.98 
   2.08 
   2.12 
   2.10 
   2.01 
   1.91 
   1.79 
   1.72 
   1.71 
   1.76 
   1.87 
   2.00 
   2.11 
   2.17 
   2.17 
   2.10 
   1.98 
   1.87 
   1.79 
   1.77 
   1.81 
   1.93 
   2.06 
   2.18 
   2.25 
   2.27 
   2.22 
   2.12 
   2.00 
   1.91 
   1.87 
   1.91 
   2.00 
   2.13 
   2.25 
   2.34 
   2.36 
   2.32 
   2.22 
   2.10 
   2.00 
   1.95 
   1.96 
   2.06 
   2.16 
   2.27 
   2.37 
   2.39 
   2.36 
   2.26 
   2.14 
   2.02 
   1.95 
   1.93 
   1.99 
   2.09 
   2.20 
   2.28 
   2.31 
   2.27 
   2.16 
   2.02 
   1.88 
   1.77 
   1.73 
   1.75 
   1.82 
   1.93 
   2.00 
   2.03 
   2.00 
   1.90 
   1.76 
   1.62 
   1.52 
   1.45 
   1.46 
   1.53 
   1.63 
   1.73 
   1.78 
   1.77 
   1.71 
   1.59 
   1.46 
   1.35 
   1.30 
   1.30 
   1.37 
   1.48 
   1.59 
   1.67 
   1.71 
   1.64 
   1.54 
   1.43 
   1.32 
   1.26 
   1.27 
   1.33 
   1.44 
   1.56 
   1.66 
   1.70 
   1.67 
   1.58 
   1.47 
   1.37 
   1.30 
   1.29 
   1.35 
   1.45 
   1.57 
   1.68 
   1.73 
   1.72 
   1.65 
   1.56 
   1.43 
   1.35 
   1.35 
   1.38 
   1.48 
   1.60 
   1.72 
   1.78 
   1.79 
   1.73 
   1.62 
   1.50 
   1.42 
   1.38 
   1.41 
   1.51 
   1.63 
   1.74 
   1.82 
   1.84 
   1.80 
   1.70 
   1.58 
   1.47 
   1.43 
   1.46 
   1.53 
   1.65 
   1.77 
   1.86 
   1.89 
   1.85 
   1.75 
   1.65 
   1.53 
   1.47 
   1.48 
   1.54 
   1.68 
   1.78 
   1.87 
   1.92 
   1.89 
   1.80 
   1.69 
   1.57 
   1.51 
   1.49 
   1.54 
   1.65 
   1.78 
   1.89 
   1.94 
   1.93 
   1.86 
   1.74 
   1.62 
   1.54 
   1.52 
   1.56 
   1.66 
   1.78 
   1.90 
   1.96 
   1.96 
   1.90 
   1.79 
   1.67 
   1.57 
   1.53 
   1.55 
   1.64 
   1.76 
   1.88 
   1.95 
   1.97 
   1.91 
   1.81 
   1.69 
   1.58 
   1.53 
   1.54 
   1.61 
   1.74 
   1.85 
   1.95 
   1.97 
   1.94 
   1.84 
   1.72 
   1.61 
   1.54 
   1.56 
   1.60 
   1.71 
   1.84 
   1.93 
   1.98 
   1.95 
   1.86 
   1.74 
   1.63 
   1.55 
   1.53 
   1.58 
   1.68 