1.85
1
2.19
2.32
1.90
2.03
2.25
1.80
1.73
2.02
1.67
1.45
1.81
1.62
1.32
1.68
1.68
1.32
1.61
1.79
1.39
1.54
1.85
2.29
2.31
2.28
2.20
2.10
1.98
1.89
1.83
1.85
1.91
2.01
2.13
2.23
2.30
2.31
1.99
1.81
2.15
1.91
1.55
1.87
1.81
1.41
1.65
1.78
1.38
1.52
1.80
1.45
1.45
1.83
1.57
1.42
1.82
1.69
1.42
1.79
1.81
1.44
1.71
1.89
1.50
1.64
1.94
1.58
1.57
1.95
1.68
1.52
1.93
1.79
1.51
1.87
1.89
1.52
1.77
1.96
1.57
1.70
2.00
1.64
1.61
1.98
1.72
1.53
1.95
1.84
1.56
1.89
1.93
1.55
1.81
2.00
1.61
1.71
2.02
1.67
1.62
2.01
1.76
1.56
1.96
1.86
1.53
1.88
1.94
1.54
1.77
1.99
1.59
1.68
2.01
1.66
1.61
2.01
1.78
1.57
1.98
1.89
1.55
1.89
1.96
1.56
1.79
2.03
1.66
1.74
2.06
1.70
1.60
1.99
1.76
1.52
1.92
1.86
1.53
1.87
1.96
1.56
1.77
2.01
1.58
1.61
1.94
1.69
1.84
2.54
2.60
2.19
2.14
1.77
1.34
1.71
1.87
1.48
1.68
1.94
1.57
1.63
1.99
1.70
1.60
2.02
1.83
1.60
1.99
1.95
1.60
1.91
2.03
1.63
1.84
2.12
1.75
1.80
2.17
1.88
1.77
2.19
2.03
1.79
2.20
2.17
1.83
2.17
2.29
1.90
2.08
2.34
1.93
1.89
2.18
1.80
1.59
1.92
1.69
1.39
1.72
1.69
1.33
1.61
1.76
1.39
1.55
1.85
1.50
1.51
1.88
1.61
1.48
1.89
1.74
1.46
1.83
1.83
1.48
1.75
1.93
1.53
1.69
1.98
1.62
1.62
2.01
1.73
1.56
1.96
1.82
1.53
1.90
1.92
1.54
1.81
2.01
1.58
1.72
2.01
1.65
1.62
2.00
1.74
1.57
1.98
1.86
1.56
1.93
1.95
1.56
1.82
1.99
1.59
1.71
2.03
1.67
1.64
2.02
1.77
1.57
1.96
1.86
1.55
1.90
1.94
1.55
1.81
1.99
1.60
1.72
2.03
1.69
1.66
2.07
1.82
1.60
1.99
1.88
1.54
1.86
1.91
1.52
1.75
1.97
1.58
1.68
2.01
1.68
1.59
1.96
1.71
1.53
2.08
2.21
2.13
2.50
2.23
1.54
1.57
1.77
1.47
1.60
1.95
1.66
1.56
1.97
1.78
1.55
1.96
1.89
1.56
1.89
1.99
1.61
1.83
2.08
1.69
1.75
2.11
1.80
1.72
2.13
1.93
1.70
2.10
2.07
1.72
2.06
2.19
1.78
2.00
2.28
1.89
1.95
2.31
1.98
1.87
2.22
1.96
1.64
1.96
1.84
1.44
1.69
1.77
1.36
1.52
1.77
1.39
1.41
1.77
1.48
1.35
1.76
1.59
1.34
1.74
1.73
1.39
1.72
1.85
1.46
1.63
1.91
1.54
1.56
1.94
1.64
1.49
1.88
1.72
1.44
1.82
1.81
1.44
1.71
1.86
1.46
1.62
1.89
1.52
1.51
1.89
1.61
1.47
1.85
1.71
1.43
1.80
1.82
1.47
1.72
1.89
1.52
1.63
1.93
1.57
1.55
1.95
1.68
1.52
1.93
1.81
1.50
1.86
1.90
1.53
1.80
1.96
1.56
1.69
2.00
1.63
1.58
1.96
1.71
1.52
1.93
1.81
1.51
1.87
1.91
1.51
1.74
1.95
1.68
2.03
2.57
2.30
1.93
1.91
1.44
1.14
1.58
1.58
1.34
1.73
1.83
1.48
1.74
1.98
1.61
1.72
2.07
1.74
1.69
2.09
1.86
1.65
2.06
1.98
1.66
2.01
2.10
1.73
1.98
2.22
1.84
1.94
2.29
1.97
1.92
2.34
2.14
1.92
2.33
2.25
1.90
2.22
2.29
1.83
1.98
2.17
1.68
1.68
1.98
1.59
1.46
1.83
1.62
1.37
1.75
1.71
1.36
1.69
1.81
1.42
1.62
1.88
1.50
1.55
1.92
1.62
1.52
1.93
1.74
1.49
1.88
1.84
1.49
1.81
1.94
1.54
1.74
1.99
1.61
1.66
2.03
1.72
1.58
1.99
1.80
1.53
1.93
1.89
1.53
1.84
1.97
1.58
1.77
2.05
1.68
1.71
2.09
1.81
1.70
2.07
1.88
1.58
1.95
1.90
1.50
1.76
1.92
1.52
1.69
1.97
1.60
1.60
1.98
1.70
1.54
1.94
1.76
1.48
2.00
2.28
2.17
2.55
2.41
1.63
1.51
1.71
1.40
1.48
1.92
1.68
1.52
1.95
1.83
1.54
1.90
1.92
1.55
1.82
2.02
1.63
1.77
2.09
1.73
1.72
2.12
1.87
1.69
2.09
1.96
1.65
2.02
2.06
1.68
1.96
2.18
1.79
1.94
2.27
1.93
1.90
2.29
2.02
1.79
2.16
1.98
1.60
1.89
1.89
1.46
1.66
1.83
1.42
1.50
1.83
1.50
1.44
1.84
1.62
1.42
1.82
1.74
1.43
1.77
1.87
1.49
1.74
1.96
1.55
1.65
2.00
1.67
1.61
2.05
1.80
1.59
2.00
1.92
1.59
1.95
2.01
1.62
1.83
2.07
1.68
1.74
2.09
1.76
1.67
2.06
1.84
1.60
1.98
1.91
1.56
1.88
1.97
1.57
1.78
2.03
1.63
1.69
2.04
1.72
1.63
2.02
1.81
1.58
1.98
1.93
1.56
1.85
1.96
1.57
1.74
1.98
1.60
1.63
1.99
1.69
1.57
1.98
1.80
1.53
1.89
1.82
1.46
1.83
2.25
2.22
2.63
2.68
1.84
1.42
1.63
1.40
1.35
1.78
1.66
1.39
1.77
1.77
1.43
1.74
1.89
1.52
1.69
1.98
1.61
1.64
2.02
1.75
1.62
2.04
1.90
1.64
2.03
2.05
1.69
1.99
2.15
1.76
1.93
2.23
1.87
1.88
2.28
2.01
1.88
2.32
2.15
1.84
2.18
2.14
1.70
1.90
2.00
1.54
1.62
1.88
1.48
1.44
1.81
1.55
1.38
1.80
1.66
1.36
1.72
1.76
1.39
1.64
1.83
1.44
1.56
1.87
1.52
1.49
1.88
1.63
1.45
1.85
1.74
1.44
1.80
1.86
1.50
1.75
1.96
1.56
1.68
2.01
1.66
1.60
1.99
1.75
1.56
1.97
1.89
1.57
1.93
2.01
1.63
1.87
2.10
1.71
1.79
2.11
1.77
1.70
2.11
1.87
1.65
2.07
1.99
1.64
1.96
2.02
1.61
1.81
2.03
1.62
1.67
2.00
1.67
1.58
1.97
1.75
1.52
1.91
1.84
1.48
1.76
1.87
1.70
2.26
2.86
2.48
2.12
1.98
1.45
1.36
1.83
1.68
1.44
1.83
1.81
1.47
1.80
1.94
1.55
1.76
2.03
1.66
1.70
2.06
1.75
1.64
2.04
1.86
1.61
2.02
1.99
1.65
1.95
2.10
1.71
1.93
2.19
1.83
1.88
2.27
1.98
1.86
2.27
2.10
1.84
2.19
2.14
1.72
1.95
2.01
1.54
1.65
1.87
1.47
1.45
1.81
1.52
1.36
1.76
1.62
1.35
1.72
1.74
1.40
1.68
1.86
1.47
1.62
1.92
1.56
1.55
1.93
1.68
1.49
1.88
1.74
1.45
1.82
1.85
1.49
1.76
1.95
1.55
1.69
1.99
1.63
1.59
1.98
1.71
1.54
1.95
1.83
1.52
1.89
1.93
1.55
1.81
2.03
1.61
1.72
2.04
1.66
1.60
1.99
1.74
1.55
1.96
1.85
1.54
1.89
1.95
1.57
1.84
2.04
1.63
1.71
2.02
1.65
1.57
1.96
1.71
1.50
1.90
1.81
1.49
1.84
1.91
1.52
1.74
1.91
1.50
1.60
2.17
2.16
2.42
2.75
2.12
1.47
1.66
1.63
1.38
1.73
1.82
1.44
1.66
1.92
1.56
1.64
2.00
1.70
1.62
2.04
1.85
1.62
2.01
1.96
1.64
1.97
2.08
1.69
1.91
2.17
1.79
1.86
2.23
1.95
1.84
2.26
2.09
1.85
2.24
2.20
1.85
2.17
2.27
1.85
1.99
2.20
1.74
1.69
1.98
1.62
1.44
1.80
1.61
1.30
1.67
1.65
1.31
1.60
1.74
1.37
1.54
1.84
1.49
1.50
1.88
1.60
1.46
1.87
1.72
1.45
1.82
1.83
1.47
1.76
1.92
1.52
1.69
1.98
1.61
1.61
1.99
1.70
1.53
1.94
1.79
1.50
1.86
1.86
1.49
1.75
1.93
1.54
1.68
1.97
1.61
1.59
1.98
1.72
1.57
1.96
1.82
1.53
1.89
1.92
1.55
1.82
2.01
1.62
1.73
2.06
1.72
1.70
2.07
1.80
1.59
1.98
1.85
1.53
1.88
1.91
1.52
1.77
1.98
1.59
1.69
2.01
1.65
1.57
1.94
1.77
1.78
2.43
2.55
2.08
2.03
1.80
1.32
1.58
1.87
1.52
1.61
1.96
1.63
1.57
1.97
1.77
1.54
1.96
1.88
1.56
1.91
2.02
1.62
1.86
2.10
1.72
1.81
2.17
1.85
1.79
2.20
2.00
1.78
2.19
2.14
1.79
2.15
2.25
1.86
2.09
2.34
1.95
2.00
2.35
1.98
1.82
2.15
1.87
1.56
1.89
1.77
1.37
1.64
1.73
1.32
1.50
1.76
1.40
1.44
1.82
1.52
1.41
1.82
1.66
1.42
1.81
1.80
1.47
1.78
1.93
1.53
1.72
2.00
1.62
1.65
2.02
1.71
1.59
1.97
1.80
1.52
1.90
1.89
1.52
1.82
1.96
1.57
1.73
2.01
1.65
1.66
2.04
1.74
1.58
1.98
1.83
1.56
1.93
1.93
1.54
1.83
1.99
1.58
1.74
2.05
1.72
1.67
2.04
1.75
1.57
1.97
1.81
1.51
1.88
1.90
1.52
1.80
1.98
1.58
1.70
2.00
1.62
1.57
1.99
1.92
1.98
2.60
2.47
1.82
1.82
1.68
1.28
1.58
1.86
1.49
1.61
1.95
1.63
1.58
1.98
1.74
1.55
1.97
1.88
1.57
1.93
2.00
1.63
1.88
2.10
1.72
1.82
2.17
1.83
1.77
2.21
1.96
1.76
2.17
2.09
1.76
2.12
2.20
1.82
2.06
2.29
1.89
1.95
2.28
1.88
1.73
2.06
1.77
1.48
1.83
1.72
1.35
1.66
1.74
1.34
1.53
1.77
1.40
1.45
1.81
1.51
1.43
1.84
1.65
1.42
1.81
1.77
1.45
1.78
1.91
1.52
1.74
2.00
1.62
1.67
2.02
1.70
1.57
1.96
1.77
1.51
1.89
1.86
1.51
1.81
1.94
1.53
1.71
1.98
1.60
1.62
1.99
1.70
1.55
1.96
1.79
1.52
1.90
1.89
1.52
1.81
1.95
1.55
1.71
1.99
1.65
1.63
2.00
1.72
1.57
1.99
1.84
1.54
1.89
1.89
1.51
1.77
1.93
1.53
1.67
1.96
1.60
1.59
1.97
1.70
1.54
1.94
1.77
1.45
1.85
2.11
2.05
2.60
2.70
1.90
1.58
1.71
1.40
1.46
1.89
1.64
1.47
1.88
1.77
1.49
1.86
1.91
1.54
1.80
2.00
1.62
1.75
2.06
1.72
1.68
2.09
1.85
1.66
2.08
1.99
1.69
2.05
2.13
1.75
2.01
2.25
1.86
1.96
2.30
1.96
1.89
2.29
2.06
1.82
2.19
2.06
1.67
1.94
1.94
1.50
1.66
1.85
1.45
1.49
1.81
1.49
1.39
1.78
1.60
1.35
1.75
1.71
1.38
1.70
1.81
1.43
1.64
1.90
1.53
1.60
1.97
1.65
1.55
1.96
1.79
1.52
1.91
1.87
1.52
1.84
1.97
1.57
1.75
2.01
1.63
1.66
2.02
1.71
1.58
1.99
1.81
1.53
1.90
1.87
1.52
1.81
1.95
1.55
1.72
2.00
1.62
1.63
1.99
1.71
1.56
1.96
1.79
1.51
1.89
1.88
1.52
1.81
1.96
1.56
1.71
1.99
1.62
1.62
1.99
1.72
1.58
2.01
1.87
1.57
1.94
1.94
1.55
1.81
1.97
1.56
1.71
1.99
1.64
1.62
2.00
1.73
1.55
1.93
1.76
1.45
1.90
2.21
2.18
2.73
2.67
1.81
1.54
1.75
1.48
1.48
1.88
1.64
1.45
1.87
1.78
1.48
1.85
1.91
1.53
1.79
2.00
1.60
1.71
2.05
1.72
1.67
2.07
1.84
1.64
2.07
1.99
1.68
2.05
2.14
1.76
2.02
2.26
1.88
1.97
2.32
1.98
1.91
2.31
2.07
1.83
2.18
2.05
1.65
1.91
1.93
1.48
1.64
1.84
1.43
1.45
1.78
1.46
1.34
1.75
1.57
1.35
1.74
1.71
1.38
1.70
1.82
1.45
1.64
1.90
1.52
1.57
1.93
1.63
1.52
1.94
1.76
1.52
1.90
1.87
1.52
1.83
1.95
1.54
1.72
1.99
1.61
1.63
2.00
1.71
1.56
1.97
1.81
1.54
1.91
1.89
1.52
1.82
1.96
1.56
1.73
2.01
1.64
1.64
2.01
1.73
1.56
1.96
1.80
1.52
1.90
1.92
1.54
1.82
1.99
1.59
1.73
2.03
1.66
1.64
2.02
1.76
1.59
2.00
1.86
1.56
1.94
1.98
1.61
1.86
2.03
1.62
1.73
2.03
1.65
1.60
1.98
1.73
1.54
1.95
1.84
1.54
1.91
1.91
1.48
1.69
1.93
1.77
2.21
2.85
2.41
1.92
1.91
1.52
1.37
1.83
1.75
1.43
1.78
1.86
1.49
1.74
1.97
1.60
1.71
2.06
1.72
1.65
2.06
1.84
1.64
2.04
1.96
1.65
2.00
2.10
1.71
1.94
2.17
1.79
1.88
2.23
1.91
1.83
2.25
2.04
1.82
2.23
2.17
1.81
2.13
2.20
1.77
1.90
2.09
1.63
1.61
1.91
1.54
1.40
1.78
1.58
1.32
1.70
1.67
1.34
1.64
1.78
1.41
1.59
1.88
1.52
1.55
1.93
1.64
1.51
1.92
1.75
1.49
1.87
1.86
1.51
1.80
1.94
1.54
1.72
2.01
1.64
1.64
2.01
1.73
1.56
1.96
1.81
1.50
1.87
1.89
1.51
1.79
1.95
1.55
1.69
1.98
1.62
1.61
2.00
1.73
1.55
1.96
1.83
1.53
1.90
1.92
1.53
1.80
2.01
1.58
1.70
2.01
1.66
1.63
2.02
1.75
1.57
1.96
1.86
1.54
1.92
1.96
1.61
1.87
2.05
1.64
1.73
2.02
1.65
1.59
1.99
1.75
1.54
1.94
1.83
1.52
1.89
1.94
1.52
1.71
1.93
1.66
1.99
2.60
2.39
2.03
2.03
1.59
1.32
1.76
1.76
1.45
1.79
1.88
1.50
1.73
1.97
1.59
1.68
2.02
1.70
1.63
2.04
1.83
1.61
2.01
1.97
1.64
1.98
2.09
1.72
1.92
2.17
1.81
1.86
2.24
1.94
1.85
2.25
2.06
1.83
2.23
2.18
1.83
2.15
2.24
1.81
1.94
2.14
1.69
1.64
1.94
1.60
1.42
1.79
1.61
1.31
1.67
1.67
1.30
1.60
1.76
1.38
1.54
1.83
1.49
1.51
1.89
1.62
1.48
1.90
1.75
1.49
1.87
1.89
1.52
1.81
1.96
1.56
1.70
1.99
1.61
1.59
1.99
1.69
1.53
1.94
1.80
1.51
1.87
1.90
1.52
1.79
1.97
1.57
1.70
1.99
1.64
1.61
2.00
1.74
1.56
1.96
1.84
1.53
1.92
1.92
1.54
1.81
2.00
1.60
1.74
2.08
1.73
1.67
2.05
1.77
1.55
1.93
1.81
1.49
1.84
1.90
1.51
1.75
1.96
1.56
1.68
1.97
1.61
1.54
2.05
2.07
2.12
2.61
2.30
1.58
1.65
1.64
1.32
1.60
1.88
1.52
1.61
1.97
1.66
1.58
2.00
1.80
1.58
1.98
1.93
1.60
1.93
2.04
1.66
1.88
2.14
1.76
1.82
2.18
1.87
1.77
2.18
1.99
1.76
2.17
2.15
1.82
2.15
2.27
1.88
2.07
2.32
1.92
1.93
2.25
1.89
1.70
2.04
1.80
1.48
1.81
1.76
1.37
1.64
1.79
1.38
1.53
1.83
1.46
1.47
1.86
1.58
1.44
1.85
1.72
1.45
1.83
1.85
1.49
1.77
1.95
1.54
1.68
1.98
1.62
1.59
1.98
1.71
1.53
1.96
1.81
1.51
1.87
1.89
1.51
1.76
1.95
1.54
1.66
1.98
1.62
1.58
1.97
1.72
1.51
1.92
1.80
1.47
1.83
1.88
1.50
1.76
1.96
1.56
1.67
2.01
1.66
1.60
2.02
1.80
1.58
1.98
1.87
1.52
1.85
1.91
1.51
1.73
1.96
1.55
1.63
1.98
1.66
1.58
1.99
1.75
1.50
1.87
1.86
1.76
2.40
2.77
2.27
2.03
1.88
1.38
1.44
1.87
1.59
1.48
1.91
1.75
1.50
1.91
1.88
1.54
1.87
2.00
1.59
1.79
2.05
1.68
1.72
2.10
1.79
1.68
2.11
1.93
1.68
2.09
2.07
1.71
2.04
2.20
1.81
2.01
2.31
1.94
1.96
2.34
2.03
1.91
2.29
2.08
1.74
2.06
1.98
1.54
1.77
1.87
1.42
1.52
1.80
1.42
1.43
1.79
1.52
1.36
1.77
1.65
1.36
1.74
1.77
1.40
1.69
1.89
1.50
1.64
1.96
1.63
1.58
1.98
1.75
1.56
1.98
1.87
1.54
1.91
1.95
1.55
1.79
2.00
1.58
1.70
2.02
1.67
1.61
2.01
1.76
1.54
1.95
1.85
1.52
1.86
1.92
1.51
1.74
1.96
1.56
1.66
2.01
1.67
1.59
2.00
1.77
1.54
1.96
1.89
1.56
1.92
1.96
1.54
1.75
1.98
1.57
1.64
1.99
1.66
1.56
1.98
1.76
1.52
1.92
1.85
1.48
1.76
1.88
1.66
2.15
2.72
2.40
2.11
2.00
1.47
1.35
1.83
1.69
1.45
1.84
1.81
1.47
1.79
1.94
1.54
1.74
2.03
1.66
1.69
2.07
1.78
1.64
2.07
1.94
1.64
2.05
2.04
1.67
1.98
2.14
1.74
1.93
2.23
1.87
1.89
2.29
2.03
1.87
2.30
2.17
1.84
2.20
2.18
1.74
1.96
2.07
1.59
1.67
1.94
1.52
1.46
1.83
1.53
1.34
1.73
1.60
1.30
1.65
1.71
1.33
1.59
1.81
1.42
1.54
1.89
1.54
1.51
1.92
1.68
1.49
1.90
1.80
1.50
1.86
1.92
1.53
1.78
1.99
1.59
1.70
2.02
1.67
1.59
1.99
1.75
1.52
1.93
1.84
1.49
1.83
1.91
1.51
1.74
1.98
1.58
1.67
2.02
1.68
1.60
2.00
1.78
1.55
1.94
1.88
1.52
1.86
1.98
1.61
1.79
2.02
1.61
1.64
1.99
1.66
1.53
1.95
1.75
1.51
1.90
1.86
1.51
1.83
1.95
1.52
1.69
1.96
1.69
1.97
2.62
2.46
2.03
2.03
1.65
1.32
1.77
1.82
1.47
1.77
1.94
1.54
1.71
2.03
1.63
1.64
2.04
1.75
1.61
2.05
1.89
1.60
1.99
2.00
1.62
1.92
2.10
1.70
1.86
2.17
1.81
1.81
2.22
1.96
1.79
2.23
2.10
1.80
2.18
2.22
1.82
2.08
2.24
1.79
1.86
2.12
1.68
1.60
1.93
1.62
1.39
1.76
1.65
1.32
1.67
1.73
1.34
1.58
1.82
1.43
1.54
1.89
1.56
1.52
1.94
1.71
1.49
1.91
1.83
1.51
1.86
1.95
1.55
1.79
2.02
1.62
1.69
2.04
1.70
1.60
2.01
1.80
1.54
1.95
1.88
1.53
1.87
1.97
1.56
1.76
2.00
1.60
1.65
2.01
1.68
1.56
1.98
1.78
1.53
1.95
1.90
1.55
1.89
2.05
1.63
1.80
2.06
1.65
1.65
2.01
1.69
1.55
1.97
1.78
1.51
1.91
1.88
1.52
1.80
1.93
1.51
1.69
2.17
2.01
2.26
2.62
1.98
1.47
1.70
1.52
1.32
1.76
1.81
1.45
1.74
1.93
1.52
1.68
2.00
1.64
1.63
2.03
1.77
1.60
2.03
1.91
1.61
1.98
2.02
1.63
1.90
2.10
1.71
1.84
2.17
1.82
1.79
2.22
1.98
1.78
2.21
2.11
1.79
2.16
2.20
1.78
1.99
2.16
1.69
1.71
1.98
1.58
1.46
1.83
1.57
1.34
1.73
1.65
1.31
1.65
1.76
1.37
1.59
1.84
1.46
1.53
1.90
1.58
1.50
1.91
1.70
1.46
1.89
1.83
1.49
1.82
1.94
1.53
1.74
2.00
1.61
1.66
2.02
1.70
1.56
1.97
1.77
1.51
1.92
1.89
1.52
1.83
1.97
1.56
1.75
2.01
1.62
1.64
2.01
1.71
1.56
1.96
1.79
1.52
1.91
1.90
1.53
1.83
1.98
1.58
1.75
2.06
1.68
1.65
2.02
1.71
1.53
1.93
1.78
1.49
1.86
1.88
1.50
1.76
1.95
1.53
1.66
1.96
1.56
1.54
2.11
2.12
2.22
2.69
2.23
1.49
1.61
1.65
1.37
1.69
1.92
1.54
1.65
2.00
1.66
1.61
2.03
1.80
1.59
2.01
1.93
1.59
1.96
2.03
1.64
1.89
2.12
1.73
1.81
2.17
1.83
1.78
2.20
2.00
1.78
2.20
2.15
1.80
2.15
2.24
1.83
2.05
2.30
1.87
1.90
2.20
1.81
1.64
1.99
1.74
1.44
1.80
1.73
1.35
1.65
1.78
1.38
1.56
1.85
1.47
1.50
1.88
1.58
1.46
1.88
1.71
1.44
1.83
1.82
1.45
1.76
1.92
1.52
1.68
1.97
1.61
1.60
1.98
1.70
1.53
1.95
1.79
1.51
1.88
1.89
1.51
1.78
1.97
1.57
1.72
2.03
1.67
1.65
2.05
1.77
1.59
2.00
1.88
1.54
1.91
1.96
1.54
1.80
2.01
1.60
1.72
2.04
1.69
1.63
2.04
1.78
1.58
2.00
1.90
1.58
1.96
2.05
1.65
1.88
2.07
1.64
1.71
2.06
1.68
1.59
2.00
1.76
1.53
1.94
1.86
1.52
1.85
1.92
1.47
1.69
2.11
2.01
2.41
2.85
2.21
1.64
1.80
1.60
1.45
1.87
1.83
1.49
1.82
1.95
1.54
1.74
2.03
1.65
1.72
2.08
1.77
1.65
2.08
1.90
1.63
2.03
2.01
1.65
1.96
2.12
1.73
1.92
2.22
1.86
1.88
2.27
1.98
1.84
2.27
2.12
1.84
2.22
2.22
1.83
2.10
2.23
1.76
1.83
2.06
1.62
1.54
1.89
1.59
1.37
1.76
1.63
1.32
1.67
1.72
1.33
1.60
1.81
1.43
1.54
1.87
1.52
1.49
1.90
1.66
1.47
1.88
1.78
1.46
1.82
1.89
1.50
1.74
1.96
1.57
1.66
1.99
1.64
1.56
1.98
1.75
1.52
1.92
1.84
1.51
1.85
1.94
1.52
1.75
1.99
1.59
1.65
2.01
1.68
1.57
1.98
1.78
1.52
1.92
1.86
1.50
1.83
1.95
1.54
1.74
2.00
1.61
1.66
2.01
1.71
1.62
2.02
1.83
1.53
1.92
1.88
1.50
1.78
1.92
1.51
1.68
1.96
1.58
1.60
1.99
1.69
1.52
1.92
1.73
1.45
1.97
2.25
2.20
2.59
2.42
1.61
1.50
1.80
1.55
1.55
1.94
1.67
1.51
1.93
1.80
1.50
1.89
1.93
1.55
1.82
2.01
1.61
1.74
2.08
1.73
1.69
2.10
1.85
1.66
2.08
1.99
1.68
2.05
2.12
1.74
2.00
2.23
1.83
1.94
2.29
1.94
1.87
2.27
2.02
1.76
2.14
2.00
1.59
1.87
1.89
1.44
1.61
1.83
1.41
1.46
1.81
1.49
1.38
1.81
1.61
1.37
1.79
1.74
1.40
1.76
1.87
1.48
1.69
1.96
1.56
1.60
1.98
1.67
1.54
1.96
1.77
1.51
1.90
1.87
1.51
1.82
1.96
1.55
1.74
1.99
1.61
1.62
2.00
1.71
1.57
1.97
1.80
1.51
1.90
1.90
1.52
1.80
1.96
1.55
1.71
2.01
1.63
1.61
2.00
1.71
1.52
1.96
1.82
1.52
1.89
1.93
1.54
1.82
2.02
1.62
1.73
2.05
1.71
1.67
2.08
1.80
1.58
1.96
1.84
1.51
1.86
1.93
1.54
1.79
2.01
1.60
1.70
2.04
1.68
1.58
1.97
1.75
1.70
2.32
2.49
2.18
2.19
1.93
1.35
1.52
1.84
1.50
1.57
1.94
1.62
1.52
1.95
1.75
1.52
1.93
1.89
1.54
1.88
2.01
1.62
1.83
2.11
1.73
1.76
2.15
1.87
1.73
2.16
1.98
1.72
2.13
2.14
1.75
2.08
2.23
1.84
2.02
2.32
1.92
1.93
2.30
1.97
1.76
2.13
1.90
1.55
1.86
1.83
1.40
1.63
1.81
1.37
1.49
1.82
1.45
1.43
1.85
1.58
1.40
1.82
1.71
1.40
1.77
1.83
1.45
1.72
1.93
1.53
1.65
1.98
1.64
1.58
1.99
1.74
1.52
1.93
1.83
1.49
1.83
1.90
1.50
1.73
1.96
1.54
1.62
1.97
1.64
1.55
1.97
1.75
1.52
1.95
1.86
1.52
1.86
1.96
1.55
1.75
2.00
1.60
1.65
2.01
1.70
1.58
2.00
1.83
1.59
1.98
1.93
1.55
1.85
1.96
1.53
1.71
1.99
1.61
1.64
2.02
1.71
1.57
1.98
1.80
1.52
1.84
1.85
1.64
2.18
2.58
2.24
2.08
1.98
1.41
1.33
1.80
1.60
1.48
1.91
1.78
1.50
1.88
1.91
1.52
1.81
2.00
1.61
1.74
2.07
1.72
1.69
2.10
1.84
1.66
2.09
1.98
1.67
2.05
2.11
1.72
1.99
2.21
1.83
1.96
2.31
1.97
1.92
2.33
2.08
1.85
2.25
2.12
1.74
2.02
2.02
1.55
1.72
1.91
1.47
1.51
1.84
1.50
1.40
1.80
1.60
1.36
1.76
1.71
1.36
1.69
1.81
1.42
1.62
1.90
1.52
1.57
1.95
1.64
1.53
1.96
1.77
1.51
1.91
1.88
1.50
1.80
1.95
1.53
1.74
2.00
1.61
1.63
2.00
1.71
1.55
1.97
1.81
1.53
1.91
1.92
1.53
1.82
1.99
1.57
1.71
2.01
1.63
1.60
1.99
1.72
1.55
1.97
1.84
1.54
1.93
1.96
1.57
1.86
2.06
1.64
1.74
2.05
1.69
1.60
1.99
1.74
1.53
1.94
1.85
1.52
1.87
1.94
1.54
1.79
1.98
1.54
1.63
2.11
2.05
2.30
2.81
2.28
1.59
1.71
1.61
1.36
1.74
1.85
1.46
1.68
1.94
1.56
1.65
2.03
