1.54
2.01
1.50
2.03
1.50
2.03
1.55
1.99
1.62
1.91
1.71
1.81

1.59
1.92
1.69
1.81
1.78
1.72
1.91
1.61
1.96
1.54
2.01
1.50
2.03
1.50
2.03
1.55
1.99
1.62
1.91
1.71
1.81
1.99
1.48
2.02
1.48
2.01
1.52
1.97
1.58
1.90
1.69
1.80
1.78
1.70
1.89
1.61
1.97
1.56
2.03
1.50
2.06
1.52
2.08
1.60
1.99
1.60
1.87
1.69
1.79
1.80
1.70
1.91
1.55
1.91
1.83
2.83
1.88
1.97
1.37
1.94
1.48
1.92
1.65
1.93
1.83
1.88
1.95
1.80
2.07
1.74
2.17
1.71
2.25
1.72
2.31
1.79
2.31
1.87
2.25
1.93
2.04
1.82
1.73
1.73
1.49
1.74
1.37
1.80
1.33
1.91
1.36
1.93
1.42
1.92
1.52
1.88
1.63
1.80
1.74
1.71
1.85
1.62
1.94
1.53
2.00
1.49
2.03
1.47
2.02
1.50
1.97
1.57
1.89
1.66
1.82
1.78
1.70
1.88
1.61
1.98
1.56
2.11
1.54
2.07
1.48
1.98
1.49
1.95
1.59
1.89
1.69
1.70
1.74
2.11
2.79
1.89
1.82
1.37
1.92
1.37
1.96
1.43
1.99
1.52
1.96
1.66
1.91
1.78
1.84
1.93
1.77
2.07
1.74
2.20
1.73
2.30
1.75
2.33
1.74
2.16
1.62
1.89
1.53
1.70
1.58
1.58
1.70
1.51
1.82
1.45
1.94
1.44
2.01
1.45
2.02
1.51
2.00
1.56
1.92
1.65
1.82
1.76
1.71
1.87
1.61
1.96
1.53
2.04
1.50
2.07
1.50
2.06
1.53
2.01
1.61
1.93
1.69
1.82
1.80
1.71
1.90
1.61
2.00
1.55
2.10
1.55
2.10
1.49
2.01
1.50
1.96
1.57
1.88
1.68
1.73
1.64
1.81
2.89
2.45
2.01
1.32
1.88
1.33
1.95
1.41
1.96
1.49
1.94
1.59
1.86
1.72
1.79
1.90
1.73
2.03
1.70
2.18
1.71
2.29
1.73
2.34
1.75
2.24
1.65
1.97
1.56
1.73
1.56
1.58
1.69
1.50
1.81
1.45
1.92
1.42
1.98
1.42
2.01
1.48
1.99
1.54
1.94
1.64
1.84
1.76
1.73
1.86
1.62
1.96
1.54
2.04
1.49
2.06
1.48
2.05
1.50
2.00
1.56
1.93
1.66
1.83
1.76
1.71
1.89
1.62
1.99
1.56
2.06
1.51
2.09
1.50
2.09
1.58
2.05
1.61
1.91
1.66
1.78
1.76
1.67
1.87
1.54
1.83
1.38
2.65
2.57
2.36
1.26
1.84
1.33
1.80
1.44
1.79
1.61
1.73
1.76
1.68
1.92
1.61
2.05
1.59
2.17
1.60
2.24
1.70
2.29
1.81
2.27
1.91
2.15
1.91
1.86
1.81
1.57
1.78
1.42
1.86
1.36
1.93
1.37
1.98
1.41
2.00
1.52
1.93
1.60
1.84
1.71
1.74
1.83
1.63
1.95
1.54
2.02
1.49
2.06
1.46
2.06
1.50
2.03
1.56
1.96
1.65
1.87
1.78
1.76
1.90
1.66
1.99
1.56
2.07
1.52
2.10
1.50
2.09
1.52
2.06
1.59
1.99
1.73
1.87
1.78
1.71
1.86
1.60
1.97
1.53
2.06
1.43
1.94
1.54
2.75
2.19
2.06
1.37
1.80
1.55
1.69
1.68
1.63
1.85
1.57
1.98
1.52
2.08
1.52
2.14
1.55
2.17
1.64
2.18
1.80
2.15
1.96
2.05
2.07
1.89
2.03
1.58
1.91
1.38
1.89
1.30
1.90
1.31
1.91
1.41
1.88
1.53
1.82
1.66
1.74
1.80
1.65
1.93
1.57
2.01
1.50
2.07
1.50
2.09
1.48
2.03
1.52
1.97
1.62
1.87
1.73
1.78
1.84
1.66
1.96
1.56
2.04
1.51
2.09
1.48
2.10
1.49
2.04
1.56
1.96
1.63
1.87
1.76
1.78
1.92
1.72
2.03
1.58
2.06
1.49
2.08
1.47
2.08
1.51
1.99
1.44
1.94
2.34
2.72
1.91
1.52
1.72
1.47
1.83
1.43
1.98
1.44
2.06
1.46
2.05
1.50
2.03
1.61
2.00
1.77
1.95
1.96
1.90
2.12
1.84
2.27
1.78
2.30
1.62
2.12
1.40
1.93
1.34
1.80
1.39
1.74
1.52
1.66
1.68
1.58
1.82
1.51
1.94
1.46
2.02
1.44
2.07
1.46
2.07
1.52
1.97
1.59
1.88
1.70
1.77
1.81
1.69
1.94
1.57
2.03
1.50
2.08
1.48
2.11
1.49
2.06
1.55
1.98
1.63
1.88
1.74
1.77
1.85
1.66
1.98
1.56
2.06
1.49
2.11
1.47
2.13
1.52
2.06
1.54
1.96
1.60
1.84
1.73
1.73
1.84
1.54
1.83
1.84
3.01
1.97
1.93
1.28
1.93
1.34
1.95
1.49
1.91
1.64
1.85
1.79
1.74
1.91
1.66
2.06
1.62
2.19
1.62
2.27
1.67
2.33
1.78
2.33
1.85
2.14
1.78
1.80
1.69
1.55
1.74
1.40
1.82
1.34
1.92
1.32
1.97
1.36
1.99
1.44
1.95
1.54
1.88
1.68
1.78
1.80
1.67
1.95
1.56
2.00
1.48
2.06
1.44
2.08
1.45
2.06
1.52
1.99
1.61
1.90
1.72
1.78
1.84
1.67
1.96
1.58
2.06
1.50
2.11
1.47
2.12
1.49
2.09
1.55
2.01
1.64
1.91
1.78
1.84
1.91
1.67
1.96
1.52
2.03
1.46
2.10
1.45
2.04
1.33
2.12
2.37
2.82
1.71
1.65
1.60
1.60
1.75
1.55
1.94
1.52
2.05
1.47
2.11
1.47
2.12
1.55
2.14
1.68
2.10
1.84
2.05
2.02
1.97
2.16
1.87
2.22
1.64
2.08
1.37
1.93
1.25
1.86
1.27
1.80
1.37
1.76
1.51
1.69
1.67
1.60
1.83
1.52
1.96
1.47
2.05
1.45
2.10
1.45
2.07
1.49
2.01
1.57
1.92
1.70
1.81
1.84
1.71
1.95
1.59
2.04
1.51
2.11
1.46
2.11
1.47
2.09
1.52
2.02
1.63
1.93
1.73
1.79
1.85
1.69
1.97
1.59
2.11
1.54
2.13
1.45
2.09
1.45
2.06
1.52
1.98
1.59
1.78
1.81
2.39
2.55
1.72
1.78
1.43
1.95
1.37
2.02
1.40
2.08
1.47
2.07
1.56
2.02
1.70
1.94
1.88
1.88
2.05
1.82
2.23
1.80
2.38
1.78
2.41
1.70
2.24
1.52
1.98
1.42
1.77
1.44
1.63
1.56
1.54
1.73
1.46
1.87
1.41
1.99
1.40
2.05
1.41
2.06
1.46
2.01
1.55
1.92
1.65
1.81
1.79
1.70
1.91
1.58
2.01
1.50
2.08
1.45
2.10
1.47
2.09
1.52
2.03
1.60
1.94
1.72
1.83
1.84
1.73
1.98
1.66
2.15
1.57
2.14
1.46
2.11
1.46
2.08
1.52
2.02
1.57
1.81
1.94
2.57
2.39
1.63
1.74
1.44
1.94
1.40
2.02
1.41
2.10
1.47
2.08
1.54
2.02
1.68
1.96
1.85
1.90
2.05
1.84
2.22
1.82
2.37
1.79
2.41
1.68
2.26
1.52
2.01
1.44
1.84
1.50
1.73
1.64
1.65
1.83
1.57
1.96
1.50
2.06
1.46
2.11
1.45
2.11
1.48
2.05
1.55
1.94
1.63
1.81
1.75
1.70
1.88
1.56
1.97
1.48
2.05
1.43
2.08
1.42
2.06
1.48
2.01
1.55
1.92
1.65
1.80
1.78
1.69
1.91
1.59
2.06
1.54
2.11
1.44
2.07
1.38
2.02
1.44
1.96
1.57
1.86
1.51
1.66
2.40
2.70
2.18
1.34
1.80
1.28
1.89
1.28
1.97
1.36
2.01
1.43
1.94
1.56
1.87
1.72
1.81
1.90
1.73
2.08
1.70
2.25
1.70
2.36
1.71
2.36
1.62
2.13
1.49
1.90
1.50
1.77
1.67
1.74
1.89
1.70
2.02
1.57
2.09
1.48
2.12
1.44
2.11
1.46
2.06
1.52
1.95
1.61
1.80
1.70
1.64
1.79
1.51
1.90
1.39
1.96
1.35
2.01
1.34
2.01
1.39
1.96
1.49
1.91
1.62
1.80
1.77
1.70
1.92
1.58
2.02
1.50
2.10
1.45
2.17
1.51
2.12
1.47
1.98
1.53
1.91
1.68
1.83
1.80
1.58
1.80
2.01
3.10
1.95
1.92
1.30
1.97
1.30
1.96
1.42
1.94
1.56
1.89
1.71
1.77
1.84
1.69
2.03
1.64
2.20
1.63
2.32
1.67
2.39
1.74
2.39
1.79
2.18
1.68
1.83
1.59
1.56
1.63
1.42
1.75
1.34
1.88
1.30
1.97
1.32
2.02
1.38
1.99
1.47
1.93
1.60
1.86
1.74
1.74
1.87
1.60
1.99
1.49
2.07
1.45
2.11
1.44
2.10
1.44
2.04
1.54
1.97
1.64
1.83
1.77
1.72
1.90
1.63
2.05
1.55
2.16
1.49
2.13
1.41
2.06
1.45
2.00
1.55
1.93
1.60
1.72
2.07
2.53
2.38
1.49
1.84
1.40
2.01
1.37
2.05
1.39
2.07
1.49
2.03
1.61
1.97
1.78
1.92
1.97
1.84
2.16
1.80
2.34
1.80
2.45
1.79
2.42
1.65
2.17
1.46
1.87
1.39
1.67
1.50
1.56
1.65
1.50
1.80
1.41
1.95
1.37
2.02
1.37
2.06
1.42
2.07
1.49
1.98
1.60
1.87
1.74
1.75
1.84
1.60
1.96
1.52
2.06
1.44
2.09
1.43
2.11
1.45
2.04
1.52
1.98
1.65
1.92
1.82
1.75
1.89
1.59
1.97
1.48
2.06
1.44
2.11
1.38
1.99
1.70
2.91
2.15
1.88
1.45
1.72
1.67
1.62
1.84
1.54
2.04
1.50
2.11
1.47
2.16
1.48
2.17
1.58
2.17
1.75
2.15
1.95
2.09
2.12
1.96
2.18
1.72
2.08
1.41
1.94
1.23
1.89
1.23
1.89
1.31
1.85
1.44
1.79
1.60
1.71
1.79
1.60
1.91
1.52
2.04
1.46
2.11
1.43
2.12
1.44
2.08
1.52
2.01
1.62
1.90
1.74
1.77
1.89
1.66
2.00
1.56
2.11
1.50
2.16
1.46
2.15
1.50
2.16
1.58
2.01
1.63
1.84
1.74
1.71
1.86
1.59
1.96
1.41
1.91
1.76
3.13
1.96
1.98
1.34
1.96
1.44
1.90
1.65
1.86
1.84
1.80
2.02
1.70
2.16
1.63
2.23
1.61
2.31
1.66
2.36
1.81
2.37
1.92
2.27
1.98
1.99
1.85
1.62
1.78
1.37
1.79
1.26
1.87
1.23
1.92
1.28
1.94
1.35
1.89
1.46
1.80
1.61
1.71
1.75
1.60
1.89
1.50
2.01
1.42
2.07
1.42
2.08
1.41
2.05
1.49
1.98
1.60
1.92
1.74
1.78
1.86
1.66
1.98
1.54
2.09
1.49
2.14
1.47
2.17
1.48
2.08
1.49
1.94
1.58
1.84
1.72
1.73
1.84
1.52
1.97
2.02
2.83
1.57
1.93
1.30
1.98
1.34
1.97
1.49
1.94
1.63
1.84
1.78
1.76
1.96
1.68
2.13
1.64
2.27
1.65
2.38
1.72
2.45
1.81
2.37
1.81
2.08
1.68
1.74
1.62
1.49
1.69
1.37
1.81
1.33
1.93
1.30
1.98
1.33
2.00
1.41
1.96
1.52
1.90
1.69
1.83
1.83
1.69
1.95
1.55
2.04
1.48
2.10
1.42
2.14
1.45
2.09
1.50
2.00
1.59
1.91
1.71
1.77
1.85
1.65
1.97
1.53
2.05
1.48
2.13
1.48
2.17
1.47
2.08
1.50
1.96
1.62
1.86
1.73
1.74
1.80
1.52
2.15
2.21
2.56
1.39
1.94
1.33
2.00
1.35
1.97
1.49
1.94
1.62
1.85
1.81
1.76
1.96
1.70
2.13
1.64
2.27
1.65
2.37
1.70
2.40
1.76
2.30
1.73
2.03
1.61
1.69
1.58
1.49
1.68
1.38
1.82
1.32
1.94
1.31
2.00
1.33
2.01
1.40
1.97
1.52
1.91
1.67
1.81
1.80
1.67
1.93
1.55
2.02
1.44
2.08
1.41
2.11
1.40
2.08
1.48
2.02
1.57
1.91
1.71
1.79
1.84
1.67
1.96
1.57
2.07
1.48
2.15
1.46
2.14
1.46
2.10
1.55
2.03
1.69
1.99
1.78
1.79
1.86
1.63
1.96
1.53
2.07
1.46
2.07
1.31
2.27
2.38
2.87
1.58
1.88
1.62
1.89
1.82
1.85
2.07
1.79
2.20
1.70
2.30
1.65
2.36
1.66
2.38
1.73
2.35
1.87
2.34
2.06
2.28
2.23
2.11
2.21
1.73
2.01
1.38
1.87
1.17
1.84
1.13
1.79
1.20
1.80
1.33
1.75
1.50
1.68
1.66
1.57
1.85
1.49
1.97
1.41
2.06
1.36
2.07
1.38
2.04
1.40
1.97
1.50
1.87
1.62
1.75
1.75
1.61
1.88
1.51
2.00
1.41
2.06
1.38
2.07
1.37
2.04
1.42
1.96
1.51
1.84
1.62
1.72
1.75
1.59
1.90
1.52
2.01
1.47
2.13
1.42
2.11
1.41
2.06
1.48
1.98
1.58
1.89
1.65
1.64
1.97
2.46
2.64
1.49
1.88
1.34
1.97
1.30
2.01
1.37
2.02
1.46
1.97
1.59
1.86
1.75
1.80
1.95
1.74
2.14
1.71
2.31
1.73
2.43
1.74
2.42
1.69
2.17
1.51
1.84
1.40
1.57
1.43
1.41
1.56
1.33
1.73
1.28
1.87
1.28
1.97
1.32
2.02
1.42
2.01
1.53
1.98
1.68
1.85
1.81
1.74
1.96
1.62
2.07
1.53
2.15
1.51
2.17
1.47
2.13
1.52
2.06
1.61
1.96
1.73
1.83
1.85
1.69
1.96
1.56
2.06
1.49
2.13
1.48
2.20
1.51
2.13
1.52
2.01
1.60
1.92
1.74
1.81
1.84
1.59
2.09
2.13
2.76
1.54
1.92
1.31
2.04
1.40
2.06
1.52
2.02
1.65
1.94
1.81
1.82
1.97
1.73
2.13
1.67
2.28
1.67
2.39
1.70
2.41
1.76
2.37
1.77
2.11
1.66
1.76
1.61
1.52
1.67
1.39
1.81
1.32
1.93
1.30
1.99
1.31
2.01
1.40
1.99
1.51
1.93
1.66
1.83
1.78
1.69
1.91
1.57
2.02
1.48
2.10
1.43
2.13
1.42
2.11
1.48
2.04
1.56
1.93
1.69
1.83
1.87
1.71
1.97
1.59
2.10
1.52
2.18
1.53
2.18
1.47
2.10
1.46
1.99
1.57
1.88
1.70
1.75
1.73
1.67
2.64
2.36
2.11
1.21
1.95
1.30
2.02
1.37
2.03
1.49
1.98
1.63
1.90
1.78
1.81
1.95
1.71
2.11
1.66
2.27
1.66
2.39
1.72
2.45
1.75
2.31
1.67
1.99
1.54
1.69
1.55
1.52
1.70
1.44
1.84
1.36
1.96
1.32
2.02
1.33
2.03
1.40
2.00
1.53
1.93
1.66
1.82
1.78
1.67
1.91
1.55
2.01
1.47
2.12
1.42
2.14
1.44
2.11
1.48
2.04
1.58
1.95
1.71
1.81
1.86
1.68
1.98
1.57
2.09
1.52
2.19
1.49
2.16
1.43
2.07
1.46
1.98
1.57
1.89
1.69
1.67
1.73
2.13
3.05
1.94
1.85
1.30
1.97
1.30
2.03
1.37
2.03
1.49
2.00
1.62
1.90
1.80
1.82
1.98
1.74
2.17
1.71
2.33
1.72
2.44
1.75
2.46
1.74
2.25
1.59
1.90
1.49
1.64
1.54
1.50
1.70
1.41
1.83
1.34
1.96
1.31
2.01
1.33
2.03
1.39
1.98
1.50
1.92
1.64
1.83
1.83
1.73
1.97
1.62
2.08
1.51
2.14
1.45
2.16
1.44
2.10
1.47
2.02
1.56
1.91
1.67
1.77
1.81
1.65
1.93
1.54
