2.62
2.84
3.04
3.23
3.60
2.55
1.19
3.23
2.98
1.25
2.81
3.49
1.51
2.45
3.87
1.84
1.80
3.81
2.15
1.39
3.56
2.55
1.18
3.20
3.02
1.27
2.76
3.48
1.51
2.28
3.85
1.82
1.78
3.81
2.18
1.37
3.55
2.61
1.20
3.18
3.08
1.29
2.75
3.55
1.54
2.27
3.86
1.86
1.78
3.82
2.23
1.37
3.53
2.65
1.20
3.15
3.09
1.29
2.68
3.53
1.53
2.18
3.82
1.87
1.69
3.77
2.22
1.31
3.48
2.65
1.18
3.11
3.12
1.31
2.66
3.58
1.57
2.17
3.85
1.89
1.68
3.77
2.27
1.31
3.47
2.70
1.20
3.09
3.19
1.33
2.64
3.62
1.59
2.14
3.87
1.92
1.65
3.75
2.31
1.28
3.44
2.73
1.20
3.05
3.21
1.34
2.61
3.66
1.62
2.11
3.87
1.95
1.62
3.74
2.33
1.27
3.42
2.77
1.20
3.03
3.24
1.37
2.57
3.68
1.64
2.07
3.86
1.97
1.60
3.72
2.37
1.26
3.40
2.80
1.20
2.99
3.30
1.38
2.53
3.71
1.66
2.03
3.87
2.00
1.54
3.70
2.38
1.26
3.39
2.91
1.26
3.01
3.28
1.38
2.47
3.72
1.70
1.98
3.86
2.02
1.52
3.67
2.42
1.23
3.34
2.87
1.22
2.93
3.34
1.42
2.46
3.76
1.71
1.97
3.87
2.06
1.52
3.67
2.47
1.25
3.33
2.92
1.24
2.93
3.41
1.45
2.45
3.80
1.74
1.95
3.88
2.09
1.47
3.63
2.47
1.19
3.27
2.94
1.23
2.84
3.39
1.44
2.39
3.77
1.74
1.86
3.84
2.10
1.43
3.61
2.51
1.20
3.26
2.97
1.25
2.84
3.45
1.48
2.36
3.82
1.78
1.85
3.84
2.14
1.42
3.59
2.55
1.20
3.24
3.01
1.26
2.80
3.48
1.50
2.32
3.85
1.80
1.81
3.83
2.17
1.39
3.58
2.58
1.20
3.21
3.04
1.28
2.77
3.51
1.52
2.28
3.85
1.83
1.78
3.82
2.19
1.37
3.54
2.63
1.19
3.17
3.08
1.29
2.73
3.55
1.54
2.25
3.86
1.86
1.75
3.81
2.22
1.34
3.54
2.64
1.19
3.14
3.11
1.30
2.70
3.58
1.56
2.21
3.86
1.87
1.69
3.78
2.27
1.40
3.58
2.73
1.20
3.08
3.13
1.31
2.66
3.60
1.57
2.16
3.86
1.90
1.67
3.77
2.28
1.30
3.47
2.71
1.19
3.08
3.18
1.33
2.63
3.65
1.61
2.17
3.89
1.94
1.67
3.76
2.33
1.30
3.46
2.77
1.21
3.07
3.25
1.36
2.62
3.69
1.64
2.11
3.88
1.96
1.60
3.73
2.33
1.25
3.41
2.76
1.18
3.00
3.23
1.36
2.54
3.68
1.64
2.05
3.88
1.97
1.57
3.71
2.37
1.25
3.39
2.81
1.20
2.99
3.29
1.39
2.53
3.73
1.67
2.03
3.88
2.01
1.56
3.70
2.40
1.24
3.36
2.87
1.21
2.96
3.33
1.40
2.49
3.75
1.69
1.99
3.88
2.04
1.52
3.68
2.43
1.23
3.34
2.88
1.22
2.93
3.36
1.42
2.46
3.77
1.72
1.96
3.87
2.06
1.50
3.66
2.47
1.22
3.32
2.93
1.24
2.90
3.40
1.45
2.42
3.79
1.74
1.92
3.87
2.10
1.47
3.64
2.50
1.24
3.29
2.95
1.24
2.86
3.46
1.48
2.49
3.88
1.79
1.86
3.84
2.11
1.44
3.61
2.52
1.19
3.25
2.99
1.25
2.83
3.47
1.48
2.34
3.83
1.79
1.84
3.85
2.15
1.41
3.59
2.56
1.20
3.25
3.04
1.28
2.81
3.52
1.51
2.33
3.86
1.83
1.83
3.84
2.19
1.40
3.57
2.61
1.20
3.20
3.05
1.29
2.74
3.51
1.52
2.24
3.83
1.82
1.74
3.80
2.19
1.34
3.53
2.62
1.19
3.15
3.09
1.30
2.71
3.57
1.55
2.22
3.86
1.87
1.74
3.80
2.24
1.33
3.50
2.69
1.19
3.13
3.16
1.32
2.71
3.61
1.58
2.19
3.87
1.90
1.70
3.78
2.29
1.31
3.48
2.72
1.20
3.09
3.19
1.33
2.64
3.64
1.63
2.14
3.87
1.94
1.65
3.75
2.32
1.29
3.44
2.75
1.20
3.04
3.22
1.35
2.59
3.66
1.63
2.08
3.87
1.95
1.60
3.73
2.34
1.25
3.40
2.81
1.24
3.08
3.33
1.39
2.51
3.67
1.64
2.03
3.86
1.98
1.56
3.69
2.38
1.24
3.36
2.84
1.21
2.96
3.31
1.40
2.53
3.73
1.69
2.00
3.87
2.04
1.54
3.69
2.43
1.25
3.35
2.89
1.24
2.95
3.38
1.43
2.49
3.78
1.75
1.97
3.87
2.07
1.50
3.67
2.45
1.20
3.29
2.88
1.22
2.86
3.35
1.43
2.38
3.74
1.72
1.88
3.84
2.07
1.44
3.61
2.48
1.20
3.26
2.93
1.24
2.84
3.44
1.46
2.37
3.80
1.76
1.89
3.84
2.12
1.43
3.60
2.55
1.20
3.25
2.98
1.25
2.82
3.46
1.48
2.34
3.81
1.79
1.83
3.83
2.15
1.41
3.58
2.56
1.20
3.23
3.01
1.26
2.78
3.48
1.52
2.29
3.82
1.81
1.79
3.81
2.17
1.36
3.54
2.58
1.20
3.22
3.14
1.32
2.75
3.49
1.50
2.23
3.83
1.83
1.75
3.80
2.19
1.35
3.52
2.62
1.19
3.15
3.09
1.30
2.71
3.56
1.55
2.22
3.85
1.87
1.74
3.80
2.27
1.35
3.51
2.68
1.21
3.14
3.16
1.32
2.71
3.62
1.58
2.21
3.88
1.91
1.71
3.78
2.27
1.30
3.46
2.67
1.18
3.06
3.13
1.31
2.61
3.59
1.58
2.11
3.84
1.91
1.63
3.74
2.28
1.28
3.44
2.72
1.20
3.05
3.20
1.34
2.60
3.67
1.61
2.10
3.87
1.95
1.65
3.74
2.33
1.27
3.42
2.76
1.20
3.02
3.24
1.36
2.56
3.69
1.64
2.07
3.87
1.97
1.58
3.72
2.36
1.26
3.40
2.80
1.20
2.99
3.27
1.38
2.52
3.70
1.67
2.02
3.86
1.99
1.55
3.69
2.39
1.23
3.35
2.82
1.21
2.99
3.41
1.45
2.51
3.71
1.67
1.96
3.86
2.02
1.51
3.67
2.42
1.25
3.33
2.87
1.22
2.92
3.35
1.42
2.45
3.76
1.71
1.95
3.87
2.06
1.50
3.66
2.47
1.23
3.32
2.93
1.24
2.94
3.42
1.45
2.44
3.81
1.76
1.95
3.88
2.12
1.48
3.64
2.50
1.20
3.28
2.93
1.23
2.83
3.39
1.44
2.34
3.77
1.74
1.84
3.83
2.11
1.41
3.59
2.52
1.19
3.24
2.98
1.26
2.82
3.45
1.48
2.33
3.81
1.79
1.83
3.84
2.15
1.40
3.58
2.56
1.19
3.21
3.04
1.27
2.78
3.49
1.51
2.29
3.83
1.81
1.80
3.83
2.17
1.37
3.55
2.61
1.19
3.19
3.07
1.29
2.76
3.54
1.53
2.26
3.85
1.84
1.75
3.81
2.21
1.35
3.52
2.63
1.19
3.15
3.09
1.30
2.70
3.54
1.53
2.21
3.88
1.90
1.84
3.85
2.24
1.30
3.48
2.66
1.18
3.11
3.12
1.31
2.67
3.59
1.57
2.17
3.87
1.90
1.69
3.78
2.28
1.31
3.48
2.71
1.20
3.10
3.21
1.34
2.65
3.66
1.61
2.18
3.89
1.94
1.69
3.78
2.33
1.31
3.47
2.76
1.21
3.07
3.23
1.35
2.59
3.65
1.61
2.07
3.85
1.96
1.58
3.71
2.32
1.24
3.40
2.76
1.19
3.00
3.23
1.37
2.54
3.68
1.64
2.04
3.86
1.97
1.56
3.71
2.37
1.24
3.38
2.81
1.21
2.98
3.29
1.39
2.51
3.72
1.67
2.01
3.88
2.01
1.54
3.70
2.41
1.24
3.35
2.86
1.22
2.95
3.34
1.41
2.48
3.75
1.70
1.98
3.87
2.05
1.51
3.67
2.47
1.22
3.31
2.89
1.23
2.90
3.37
1.43
2.43
3.77
1.74
1.92
3.85
2.08
1.47
3.63
2.48
1.20
3.28
2.93
1.25
2.86
3.41
1.46
2.38
3.80
1.75
1.86
3.85
2.14
1.55
3.69
2.53
1.18
3.22
2.95
1.24
2.81
3.46
1.47
2.33
3.81
1.78
1.83
3.83
2.14
1.40
3.57
2.56
1.19
3.21
3.03
1.27
2.80
3.50
1.51
2.31
3.84
1.84
1.81
3.83
2.20
1.40
3.60
2.63
1.22
3.21
3.10
1.30
2.77
3.57
1.54
2.25
3.85
1.85
1.73
3.79
2.20
1.31
3.49
2.61
1.17
3.11
3.08
1.29
2.67
3.55
1.55
2.20
3.85
1.88
1.74
3.80
2.28
1.35
3.51
2.73
1.23
3.16
3.23
1.36
2.77
3.71
1.64
2.27
3.92
1.95
1.74
3.79
2.30
1.32
3.48
2.71
1.20
3.08
3.20
1.36
2.69
3.73
1.66
2.32
4.00
2.07
1.94
3.91
2.53
1.60
3.66
2.99
1.38
3.27
3.45
1.48
2.82
3.86
1.72
2.29
3.97
2.03
1.76
3.81
2.40
1.37
3.48
2.83
1.25
3.08
3.37
1.45
2.82
3.81
1.70
2.14
3.87
1.96
1.50
3.64
2.22
1.09
3.20
2.53
1.06
2.71
2.93
1.23
2.22
3.41
1.52
1.79
3.70
1.90
1.42
3.60
2.28
1.15
3.26
2.68
1.13
2.76
3.07
1.30
2.29
3.58
1.61
1.85
3.76
1.96
1.43
3.61
2.34
1.18
3.26
2.83
1.22
2.95
3.45
1.47
2.56
3.81
1.74
1.94
3.84
2.07
1.49
3.64
2.44
1.20
3.25
2.85
1.21
2.79
3.28
1.40
2.26
3.63
1.67
1.72
3.70
1.99
1.30
3.51
2.38
1.13
3.14
2.84
1.20
2.70
3.31
1.43
2.22
3.68
1.72
1.71
3.71
2.06
1.30
3.48
2.44
1.13
3.09
2.89
1.22
2.63
3.34
1.45
2.12
3.67
1.74
1.63
3.68
2.13
1.32
3.48
2.60
1.23
3.16
3.13
1.35
2.75
3.55
1.56
2.20
3.77
1.86
1.71
3.74
2.24
1.35
3.48
2.66
1.24
3.10
3.14
1.35
2.65
3.60
1.62
2.19
3.80
1.95
1.71
3.75
2.32
1.34
3.41
2.68
1.29
3.15
3.59
1.63
2.80
3.60
1.62
2.07
3.73
1.96
1.59
3.63
2.33
1.34
3.34
2.76
1.36
3.16
3.40
1.56
2.83
3.76
1.82
2.37
3.88
2.16
1.89
3.78
2.50
1.53
3.48
2.83
1.39
3.00
3.18
1.47
2.49
3.47
1.67
2.00
3.59
1.99
1.63
3.49
2.27
1.31
3.03
2.45
1.15
2.47
2.65
1.18
2.00
2.94
1.39
1.64
3.15
1.71
1.35
3.13
2.06
1.18
2.90
2.43
1.15
2.51
2.80
1.26
2.07
3.10
1.49
1.67
3.26
1.81
1.39
3.27
2.21
1.25
3.04
2.65
1.26
2.64
3.05
1.39
2.17
3.31
1.61
1.72
3.35
1.88
1.40
3.28
2.31
1.28
3.07
2.76
1.30
2.69
3.15
1.44
2.19
3.39
1.67
1.75
3.48
2.02
1.46
3.37
2.41
1.30
3.04
2.76
1.28
2.59
3.13
1.43
2.08
3.34
1.68
1.68
3.42
2.00
1.38
3.24
2.34
1.23
2.90
2.74
1.29
2.52
3.16
1.46
2.08
3.40
1.72
1.59
3.22
1.86
1.38
3.48
3.04
1.62
3.05
2.75
1.23
2.34
2.94
1.33
1.85
3.13
1.58
1.51
3.21
1.94
1.29
3.10
2.36
1.20
2.83
2.81
1.28
2.39
3.17
1.48
1.94
3.40
1.78
1.59
3.41
2.15
1.36
3.25
2.55
1.29
2.89
2.96
1.35
2.43
3.28
1.54
1.93
3.38
1.77
1.47
3.17
1.96
1.19
2.92
2.30
1.13
2.61
2.76
1.24
2.25
3.16
1.49
1.85
3.33
1.78
1.52
3.31
2.14
1.30
3.09
2.51
1.23
2.71
2.89
1.31
2.28
3.22
1.53
1.85
3.38
1.84
1.52
3.34
2.19
1.30
3.08
2.55
1.24
2.69
2.88
1.31
2.21
3.17
1.52
1.77
3.28
1.80
1.44
3.24
2.16
1.26
3.01
2.53
1.22
2.61
2.88
1.31
2.15
3.14
1.51
1.70
3.21
1.77
1.37
3.12
2.08
1.21
2.86
2.44
1.16
2.53
2.89
1.30
2.09
3.13
1.52
1.68
3.22
1.81
1.38
3.16
2.17
1.23
2.91
2.57
1.21
2.48
2.81
1.27
2.04
3.42
1.93
2.38
3.72
2.00
1.39
3.07
2.15
1.18
2.76
2.46
1.16
2.44
2.88
1.32
2.06
3.20
1.61
1.69
3.29
1.92
1.41
3.20
2.29
1.26
2.92
2.67
1.27
2.52
3.03
1.41
2.12
3.30
1.69
1.74
3.41
2.03
1.48
3.31
2.41
1.32
2.94
2.69
1.26
2.39
2.82
1.29
1.87
2.96
1.48
1.51
3.03
1.78
1.27
2.92
2.11
1.13
2.62
2.44
1.14
2.27
2.73
1.29
2.03
2.63
1.47
2.33
2.71
1.56
2.36
2.77
1.52
2.21
2.91
1.51
1.98
3.11
1.65
1.86
3.45
1.89
1.68
3.56
2.21
1.45
3.46
2.61
1.33
3.17
3.01
1.35
2.73
3.35
1.52
2.19
3.55
1.80
1.69
3.57
2.11
1.35
3.38
2.47
1.21
3.03
2.86
1.25
2.55
3.25
1.46
2.04
3.47
1.73
1.57
3.49
2.06
1.28
3.32
2.45
1.18
2.97
2.87
1.26
2.51
3.24
1.46
1.95
3.43
1.74
1.73
3.70
2.33
1.31
3.21
2.38
1.11
2.84
2.80
1.22
2.39
3.21
1.45
1.93
3.46
1.76
1.50
3.46
2.11
1.23
3.26
2.48
1.15
2.83
2.87
1.25
2.35
3.23
1.49
1.85
3.45
1.79
1.48
3.48
2.18
1.27
3.28
2.63
1.23
2.92
3.07
1.34
2.43
3.39
1.56
1.86
3.48
1.82
1.41
3.40
2.15
1.19
3.15
2.55
1.16
2.76
3.00
1.31
2.31
3.37
1.58
1.84
3.52
1.90
1.44
3.45
2.26
1.23
3.18
2.67
1.22
2.76
3.09
1.36
2.31
3.45
1.65
1.84
3.55
1.94
1.44
3.47
2.26
1.22
3.20
2.62
1.18
2.79
3.04
1.33
2.32
3.39
1.58
1.84
3.56
1.91
1.44
3.49
2.29
1.24
3.22
2.66
1.18
2.71
3.03
1.32
2.27
3.41
1.60
1.79
3.54
1.91
1.39
3.44
2.27
1.19
3.15
2.68
1.19
2.73
3.04
1.31
2.15
3.47
1.70
2.21
3.82
2.05
1.36
3.39
2.23
1.13
3.07
2.62
1.15
2.62
3.06
1.35
2.09
3.38
1.63
1.59
3.47
1.97
1.27
3.29
2.35
1.15
2.95
2.76
1.22
2.47
3.15
1.41
1.98
3.42
1.72
1.57
3.48
2.09
1.31
3.32
2.51
1.23
2.98
2.92
1.29
2.45
3.21
1.46
1.87
3.36
1.72
1.44
3.35
2.05
1.21
3.15
2.45
1.16
2.80
2.89
1.28
2.35
3.23
1.50
1.83
3.39
1.79
1.43
3.35
2.14
1.21
3.11
2.52
1.17
2.72
2.91
1.29
2.25
3.24
1.52
1.78
3.40
1.83
1.41
3.35
2.17
1.21
3.10
2.54
1.17
2.71
2.95
1.30
2.24
3.28
1.56
1.76
3.42
1.85
1.40
3.36
2.21
1.21
3.10
2.60
1.20
2.69
2.99
1.32
2.19
3.33
1.58
1.75
3.45
1.89
1.39
3.33
2.22
1.17
3.02
2.60
1.17
2.58
2.97
1.32
2.10
3.26
1.56
1.56
3.22
1.76
1.38
3.51
2.79
1.44
3.02
2.51
1.11
2.40
2.85
1.26
1.88
3.08
1.51
1.48
3.21
1.82
1.21
3.10
2.19
1.09
2.77
2.56
1.14
2.36
2.96
1.34
1.92
3.25
1.64
1.54
3.36
2.00
1.30
3.26
2.41
1.22
2.93
2.83
1.28
2.49
3.20
1.47
1.97
3.36
1.71
1.50
3.26
1.94
1.19
3.00
2.26
1.09
2.67
2.63
1.17
2.26
3.00
1.38
1.80
3.23
1.66
1.43
3.24
1.98
1.20
3.05
2.37
1.14
2.71
2.77
1.25
2.26
3.10
1.45
1.80
3.29
1.73
1.43
3.26
2.05
1.20
3.05
2.42
1.18
2.67
2.81
1.26
2.22
3.13
1.48
1.76
3.30
1.76
1.41
3.26
2.10
1.19
3.02
2.46
1.15
2.63
2.85
1.27
2.20
3.22
1.53
1.75
3.32
1.80
1.37
3.19
2.08
1.15
2.93
2.44
1.13
2.53
2.82
1.26
2.08
3.08
1.46
1.56
3.07
1.74
1.55
3.60
2.53
1.29
2.82
2.37
1.09
2.40
2.74
1.22
1.97
3.06
1.49
1.60
3.26
1.84
1.32
3.19
2.21
1.18
2.92
2.60
1.22
2.52
2.99
1.35
2.07
3.28
1.62
1.67
3.40
1.98
1.38
3.31
2.37
1.26
3.02
2.77
1.28
2.58
3.12
1.42
2.04
3.26
1.62
1.57
3.18
1.83
1.22
3.02
2.16
1.09
2.71
2.52
1.13
2.32
2.90
1.32
1.89
3.17
1.60
1.51
3.24
1.93
1.26
3.12
2.31
1.17
2.82
2.72
1.23
2.38
3.05
1.40
1.91
3.26
1.67
1.52
3.28
1.99
1.26
3.12
2.35
1.16
2.78
2.75
1.24
2.34
3.08
1.43
1.88
3.28
1.71
1.49
3.26
2.02
1.27
3.09
2.39
1.18
2.80
2.85
1.29
2.33
3.13
1.46
1.83
3.25
1.71
1.45
3.24
2.04
1.22
3.04
2.41
1.16
2.66
2.73
1.21
2.20
3.22
1.59
2.25
3.59
1.85
1.44
3.18
2.06
1.19
2.97
2.39
1.13
2.61
2.80
1.26
2.20
3.16
1.52
1.77
3.34
1.82
1.45
3.32
2.19
1.25
3.07
2.57
1.22
2.70
2.97
1.36
2.26
3.30
1.60
1.83
3.45
1.93
1.49
3.39
2.29
1.29
3.11
2.64
1.23
2.60
2.88
1.29
2.03
3.04
1.44
1.58
3.12
1.72
1.27
3.05
2.05
1.11
2.83
2.45
1.13
2.47
2.87
1.29
2.05
3.15
1.54
1.63
3.27
1.87
1.33
3.17
2.21
1.17
2.86
2.56
1.17
2.43
2.89
1.31
1.99
3.15
1.58
1.58
3.23
1.87
1.30
3.14
2.25
1.18
2.86
2.63
1.21
2.47
3.02
1.37
1.98
3.18
1.60
1.54
3.21
1.88
1.26
3.07
2.23
1.15
2.77
2.61
1.18
2.30
2.84
1.29
1.95
3.42
1.88
1.80
3.33
1.89
1.20
2.92
2.19
1.10
2.66
2.57
1.16
2.27
2.95
1.37
1.86
3.19
1.65
1.50
3.23
1.98
1.26
3.07
2.39
1.18
2.77
2.79
1.27
2.36
3.14
1.49
1.93
3.35
1.79
1.56
3.38
2.15
1.33
3.18
2.52
1.24
2.79
2.83
1.28
2.24
3.00
1.40
1.73
3.07
1.61
1.36
3.04
1.93
1.15
2.91
2.31
1.11
2.56
2.69
1.21
2.16
3.03
1.44
1.76
3.22
1.74
1.42
3.20
2.08
1.22
3.00
2.46
1.17
2.62
2.83
1.28
2.17
3.10
1.50
1.74
3.24
1.77
1.38
3.16
2.08
1.18
2.90
2.42
1.15
2.53
2.80
1.27
2.13
3.12
1.51
1.69
3.21
1.77
1.34
3.09
2.08
1.15
2.85
2.43
1.14
2.48
2.81
1.27
2.00
2.97
1.42
1.55
3.26
2.03
1.81
3.66
2.36
1.22
2.76
2.42
1.12
2.39
2.77
1.25
2.00
3.07
1.52
1.60
3.20
1.85
1.32
3.13
2.20
1.19
2.88
2.61
1.21
2.49
2.97
1.36
2.04
3.22
1.63
1.65
3.32
1.96
1.37
3.23
2.33
1.24
2.95
2.74
1.27
2.51
3.02
1.39
1.96
3.09
1.55
1.49
3.04
1.77
1.18
2.90
2.09
1.08
2.64
2.48
1.12
2.28
2.85
1.30
1.86
3.09
1.57
1.50
3.16
1.89
1.24
3.03
2.25
1.14
2.73
2.64
1.20
2.34
2.98
1.38
1.90
3.19
1.65
1.51
3.21
1.98
1.25
3.04
2.31
1.15
2.74
2.68
1.22
2.33
3.04
1.43
1.90
3.28
1.73
1.52
3.26
2.03
1.25
3.03
2.32
1.14
2.66
2.68
1.21
2.24
3.02
1.42
1.82
3.18
1.67
1.38
3.00
1.90
1.36
3.46
2.93
1.38
2.56
2.54
1.14
2.12
2.89
1.35
1.71
3.12
1.67
1.40
3.16
2.03
1.21
2.99
2.41
1.17
2.64
2.80
1.27
2.21
3.12
1.49
1.79
3.30
1.81
1.50
3.30
2.19
1.29
3.10
2.60
1.25
2.74
2.98
1.36
2.27
3.24
1.57
1.78
3.25
1.77
1.36
3.07
2.01
1.13
2.79
2.33
1.09
2.44
2.70
1.21
2.04
3.01
1.45
1.63
3.14
1.74
1.33
3.10
2.10
1.17
2.90
2.49
1.16
2.51
2.84
1.29
2.06
3.10
1.52
1.65
3.22
1.81
1.33
3.13
2.15
1.18
2.88
2.54
1.21
2.49
2.89
1.32
2.04
3.13
1.55
1.63
3.23
1.85
1.32
3.13
2.19
1.18
2.86
2.58
1.20
2.51
2.99
1.36
2.03
3.18
1.58
1.59
3.20
1.85
1.29
3.07
2.19
1.15
2.82
2.59
1.19
2.35
2.80
1.27
2.13
3.60
2.16
2.09
3.45
1.92
1.27
3.04
2.18
1.11
2.68
2.49
1.13
2.32
2.89
1.33
1.93
3.16
1.64
1.55
3.23
1.95
1.29
3.10
2.31
1.19
2.82
2.70
1.24
2.40
3.06
1.43
1.99
3.33
1.74
1.62
3.38
2.09
1.36
3.24
2.46
1.24
2.83
2.75
1.24
2.28
2.90
1.33
1.77
3.03
1.56
1.40
3.05
1.86
1.17
2.91
2.22
1.10
2.62
2.61
1.18
2.23
2.96
1.38
1.81
3.18
1.67
1.47
3.21
2.01
1.24
3.03
2.37
1.17
2.69
2.74
1.24
2.25
3.04
1.44
1.83
3.21
1.71
1.46
3.22
2.06
1.25
3.04
2.44
1.19
2.69
2.81
1.27
2.25
3.11
1.48
1.82
3.27
1.79
1.48
3.29
2.15
1.27
3.05
2.48
1.19
2.63
2.78
1.25
2.16
3.04
1.46
1.72
3.17
1.72
1.34
3.00
1.92
1.10
3.02
2.82
1.55
3.11
2.95
1.30
2.04
2.94
1.41
1.60
3.03
1.65
1.29
3.02
2.00
1.13
2.84
2.40
1.13
2.52
2.81
1.27
2.10
3.11
1.52
1.71
3.26
1.84
1.40
3.22
2.20
1.23
2.98
2.59
1.23
2.61
2.98
1.37
2.16
3.23
1.60
1.71
3.26
1.84
1.32
3.03
2.05
1.09
2.66
2.29
1.05
2.26
2.61
1.17
1.87
2.89
1.42
1.51
3.03
1.73
1.24
2.99
2.10
1.13
2.78
2.52
1.17
2.44
2.92
1.34
2.04
3.21
1.63
1.66
3.31
1.98
1.37
3.19
2.31
1.23
2.89
2.68
1.25
2.49
3.02
1.40
2.03
3.24
1.67
1.63
3.29
1.97
1.34
3.14
2.31
1.20
2.81
2.64
1.22
2.38
2.96
1.37
1.95
3.19
1.64
1.58
3.25
1.96
1.30
3.05
2.27
1.16
2.74
2.63
1.22
2.33
2.95
1.37
1.89
3.09
1.58
1.45
3.13
2.03
1.54
3.53
2.56
1.24
2.63
2.54
1.16
2.21
2.84
1.32
1.78
3.05
1.59
1.45
3.10
1.93
1.23
2.97
2.31
1.16
2.65
2.68
1.23
2.27
3.03
1.44
1.89
3.22
1.76
1.52
3.24
2.08
1.31
3.10
2.50
1.26
2.79
2.90
1.34
2.34
3.14
1.51
1.84
3.15
1.68
1.40
2.99
1.90
1.13
2.76
2.18
1.06
2.44
2.55
1.15
2.07
2.86
1.36
1.68
3.04
1.65
1.37
3.04
1.99
1.19
2.86
2.35
1.14
2.54
2.73
1.26
2.13
2.99
1.45
1.71
3.11
1.72
1.39
3.07
2.04
1.19
2.84
2.38
1.15
2.49
2.72
1.25
2.09
3.01
1.47
1.69
3.13
1.76
1.39
3.09
2.11
1.22
2.90
2.48
1.19
2.50
2.77
1.27
2.06
3.02
1.49
1.67
3.11
1.76
1.35
3.04
2.09
1.14
2.69
2.34
1.15
2.69
3.30
1.60
2.04
2.86
1.40
1.57
3.07
1.76
1.30
2.97
2.06
1.14
2.74
2.42
1.14
2.40
2.79
1.29
2.00
3.04
1.52
1.63
3.16
1.84
1.35
3.09
2.21
1.22
2.86
2.61
1.27
2.52
2.97
1.40
2.11
3.24
1.66
1.70
3.27
1.94
1.37
3.07
2.18
1.17
2.65
2.38
1.09
2.20
2.61
1.19
1.79
2.84
1.42
1.45
2.92
1.71
1.21
2.86
2.08
1.09
2.63
2.45
1.13
2.27
2.78
1.29
1.88
3.01
1.54
1.52
3.07
1.85
1.26
2.97
2.20
1.15
2.71
2.55
1.18
2.29
2.86
1.35
1.86
3.04
1.58
1.51
3.09
1.89
1.26
2.97
2.26
1.17
2.70
2.62
1.21
2.26
2.86
1.34
1.82
3.02
1.58
1.47
3.06
1.88
1.23
2.92
2.20
1.10
2.52
2.49
1.18
2.52
3.45
1.73
1.87
2.94
1.52
1.40
3.02
1.88
1.20
2.84
2.21
1.11
2.57
2.60
1.19
2.20
2.94
1.41
1.83
3.14
1.70
1.50
3.15
2.03
1.27
2.97
2.39
1.19
2.65
2.77
1.30
2.32
3.13
1.53
1.94
3.34
1.87
1.61
3.31
2.17
1.23
2.54
1.87
0.89
2.04
2.03
0.90
1.72
2.40
1.14
1.48
2.75
1.49
1.28
2.88
1.90
1.16
2.82
2.35
1.16
2.57
2.79
1.33
2.22
3.12
1.56
1.83
3.27
1.88
1.53
3.26
2.26
1.35
3.04
2.62
1.31
2.67
2.95
1.39
2.23
3.17
1.60
1.82
3.28
1.91
1.51
3.24
2.28
1.33
2.99
2.61
1.29
2.61
2.91
1.36
2.12
3.04
1.52
1.67
3.11
1.81
1.39
3.05
2.14
1.23
2.86
2.51
1.19
2.39
2.72
1.30
2.39
3.71
2.15
1.96
3.19
1.83
1.35
3.04
2.15
1.18
2.74
2.46
1.16
2.36
2.75
1.27
1.92
2.93
1.48
1.54
3.01
1.77
1.27
2.93
2.10
1.14
2.70
2.50
1.19
2.38
2.90
1.38
2.04
3.23
1.72
1.73
3.35
2.10
1.47
3.23
2.44
1.30
2.83
2.67
1.26
2.33
2.86
1.35
1.86
3.00
1.57
1.50
3.04
1.88
1.27
2.93
2.24
1.18
2.65
2.62
1.23
2.28
2.93
1.41
1.91
3.17
1.73
1.56
3.17
2.05
1.32
2.94
2.34
1.21
2.72
2.78
1.33
2.36
3.08
1.51
1.94
3.23
1.79
1.63
3.34
2.27
1.52
3.37
2.85
1.61
3.21
3.31
1.77
2.91
3.64
1.99
2.47
3.76
2.26
2.00
3.68
2.50
1.55
3.23
2.66
1.35
2.74
2.84
1.33
2.18
2.87
1.37
1.53
2.69
1.58
1.74
3.66
2.45
1.28
2.41
1.88
0.90
1.98
2.07
0.92
1.65
2.36
1.12
1.35
2.52
1.37
1.12
2.54
1.69
0.99
2.40
2.02
0.97
2.15
2.38
1.09
1.83
2.66
1.32
1.53
2.84
1.64
1.29
2.84
2.00
1.17
2.66
2.36
1.15
2.31
2.61
1.22
1.82
2.65
1.31
1.39
2.61
1.48
1.10
2.50
1.74
0.97
2.30
2.04
0.96
2.00
2.32
1.07
1.64
2.50
1.25
1.32
2.56
1.49
1.09
2.48
1.76
0.97
2.26
2.07
0.97
1.95
2.34
1.08
1.61
2.51
1.27
1.29
2.56
1.52
1.08
2.47
1.81
0.97
2.25
2.14
1.00
1.96
2.44
1.15
1.65
2.64
1.39
1.36
2.70
1.68
1.16
2.62
2.01
1.08
2.39
2.36
1.12
2.11
2.68
1.31
1.75
2.82
1.52
1.40
2.78
1.77
1.19
2.64
2.08
1.09
2.36
2.35
1.10
1.91
2.39
1.13
1.80
3.41
2.42
2.18
3.16
1.89
1.19
2.56
2.00
1.03
2.19
2.26
1.07
1.91
2.57
1.26
1.61
2.75
1.55
1.36
2.77
1.87
1.19
2.62
2.20
1.14
2.36
2.53
1.23
2.04
2.80
1.44
1.74
2.94
1.74
1.50
2.94
2.08
1.30
2.76
2.39
1.23
2.39
2.56
1.22
1.89
2.58
1.28
1.48
2.60
1.48
1.21
2.56
1.78
1.07
2.42
2.12
1.06
2.16
2.42
1.16
1.85
2.63
1.36
1.53
2.72
1.64
1.28
2.67
1.92
1.13
2.48
2.23
1.11
2.18
2.50
1.21
1.84
2.66
1.39
1.52
2.73
1.65
1.26
2.63
1.93
1.11
2.45
2.24
1.11
2.14
2.49
1.21
1.80
2.66
1.40
1.48
2.71
1.67
1.25
2.61
1.96
1.12
2.42
2.30
1.15
2.15
2.55