1.48
1.52
2.20
1.55
1.25
2.16
2.17
2.96
2.98
2.97
2.96
2.93
2.89
2.84
2.77
2.70
2.62
2.54
2.46
2.28
2.13
2.31
1.42
1.24
2.03
1.63
1.25
1.99
1.84
1.23
1.87
2.04
1.31
1.73
2.19
1.46
1.57
2.25
1.65
1.45
2.24
1.86
1.38
2.15
2.07
1.40
2.01
2.25
1.50
1.87
2.39
1.69
1.75
2.49
1.94
1.68
2.48
2.17
1.62
2.33
2.27
1.50
1.98
2.20
1.39
1.57
2.11
1.41
1.30
2.03
1.53
1.17
1.95
1.74
1.15
1.82
1.92
1.20
1.64
2.06
1.33
1.50
2.15
1.51
1.35
2.14
1.72
1.29
2.06
1.92
1.27
1.90
2.07
1.32
1.70
2.18
1.45
1.52
2.21
1.62
1.39
2.17
1.82
1.31
2.06
2.00
1.31
1.87
2.14
1.38
1.67
2.21
1.51
1.50
2.25
1.69
1.38
2.16
1.88
1.31
2.02
2.06
1.34
1.85
2.19
1.44
1.66
2.27
1.57
1.48
2.23
1.75
1.36
2.14
1.95
1.32
1.99
2.12
1.36
1.80
2.25
1.47
1.61
2.30
1.67
1.49
2.24
1.81
1.33
2.07
1.94
1.28
1.89
2.11
1.35
1.72
2.21
1.49
1.54
2.23
1.62
1.30
2.03
1.81
1.68
2.90
3.06
2.08
2.11
2.04
1.20
1.50
2.08
1.40
1.35
2.09
1.59
1.28
2.08
1.86
1.28
1.98
2.05
1.33
1.82
2.19
1.45
1.65
2.28
1.63
1.52
2.29
1.84
1.46
2.25
2.09
1.47
2.15
2.31
1.59
2.04
2.49
1.77
1.91
2.59
1.96
1.75
2.50
2.06
1.51
2.19
2.01
1.28
1.80
1.99
1.21
1.50
2.00
1.30
1.31
2.03
1.50
1.22
1.99
1.71
1.18
1.89
1.90
1.21
1.73
2.05
1.32
1.55
2.14
1.47
1.41
2.16
1.69
1.31
2.10
1.88
1.29
1.96
2.08
1.33
1.79
2.17
1.46
1.58
2.21
1.58
1.42
2.19
1.76
1.34
2.11
1.95
1.30
1.93
2.10
1.36
1.74
2.19
1.47
1.54
2.22
1.63
1.41
2.18
1.82
1.34
2.08
2.01
1.33
1.89
2.15
1.40
1.69
2.22
1.52
1.52
2.24
1.70
1.39
2.17
1.90
1.33
2.03
2.06
1.35
1.84
2.18
1.47
1.70
2.30
1.61
1.50
2.24
1.75
1.35
2.10
1.90
1.30
1.95
2.07
1.33
1.76
2.18
1.44
1.54
2.15
1.48
1.30
2.36
2.39
2.35
3.00
2.40
1.33
1.71
1.95
1.26
1.58
2.07
1.36
1.41
2.12
1.58
1.34
2.12
1.81
1.31
2.05
2.03
1.34
1.89
2.19
1.44
1.74
2.30
1.62
1.59
2.35
1.84
1.55
2.35
2.11
1.56
2.29
2.37
1.66
2.18
2.55
1.80
2.01
2.61
1.91
1.77
2.43
1.90
1.40
2.10
1.88
1.20
1.78
1.91
1.17
1.54
2.00
1.28
1.38
2.04
1.46
1.25
2.02
1.67
1.19
1.93
1.87
1.22
1.79
2.03
1.29
1.60
2.13
1.43
1.47
2.17
1.62
1.33
2.12
1.83
1.29
1.99
2.01
1.30
1.82
2.14
1.38
1.61
2.20
1.52
1.45
2.19
1.70
1.33
2.11
1.88
1.28
1.94
2.04
1.32
1.77
2.17
1.44
1.58
2.23
1.59
1.43
2.20
1.79
1.35
2.11
1.97
1.33
1.95
2.13
1.38
1.74
2.22
1.49
1.55
2.24
1.66
1.41
2.19
1.84
1.34
2.07
2.04
1.37
1.95
2.21
1.43
1.70
2.23
1.51
1.47
2.18
1.66
1.33
2.12
1.86
1.29
1.99
2.05
1.31
1.76
2.07
1.30
1.62
2.54
2.22
2.31
2.77
1.93
1.26
1.91
1.77
1.21
1.86
2.01
1.29
1.71
2.15
1.42
1.54
2.22
1.63
1.41
2.20
1.82
1.34
2.12
2.04
1.38
1.99
2.23
1.47
1.82
2.35
1.65
1.69
2.40
1.85
1.62
2.44
2.14
1.65
2.41
2.40
1.71
2.26
2.53
1.73
1.93
2.42
1.67
1.52
2.20
1.65
1.24
1.97
1.73
1.13
1.78
1.88
1.16
1.60
2.01
1.30
1.43
2.07
1.45
1.31
2.08
1.68
1.24
2.00
1.87
1.24
1.86
2.04
1.31
1.69
2.17
1.44
1.52
2.21
1.62
1.38
2.16
1.80
1.31
2.04
1.99
1.30
1.86
2.12
1.36
1.66
2.20
1.49
1.48
2.21
1.68
1.37
2.16
1.89
1.32
2.01
2.03
1.31
1.82
2.17
1.41
1.61
2.21
1.55
1.45
2.21
1.77
1.35
2.13
1.94
1.32
1.97
2.10
1.37
1.81
2.22
1.47
1.62
2.30
1.69
1.49
2.24
1.82
1.35
2.08
1.96
1.29
1.88
2.10
1.34
1.70
2.20
1.51
1.51
2.19
1.61
1.28
2.09
2.05
1.90
2.94
2.75
1.64
1.81
1.94
1.26
1.53
2.11
1.44
1.38
2.14
1.65
1.32
2.12
1.88
1.31
1.99
2.07
1.37
1.82
2.22
1.49
1.65
2.29
1.66
1.53
2.32
1.88
1.47
2.25
2.11
1.49
2.16
2.34
1.60
2.03
2.51
1.79
1.89
2.58
1.96
1.73
2.46
2.02
1.46
2.13
1.99
1.25
1.74
1.97
1.20
1.48
2.01
1.32
1.31
2.04
1.52
1.21
2.00
1.73
1.18
1.88
1.92
1.21
1.71
2.08
1.34
1.56
2.17
1.50
1.39
2.17
1.71
1.33
2.12
1.92
1.30
1.96
2.08
1.33
1.76
2.19
1.45
1.59
2.23
1.60
1.42
2.18
1.78
1.32
2.09
1.97
1.30
1.91
2.12
1.35
1.71
2.19
1.47
1.51
2.22
1.65
1.39
2.17
1.85
1.32
2.06
2.03
1.34
1.89
2.18
1.42
1.69
2.26
1.56
1.50
2.24
1.73
1.38
2.17
1.93
1.33
2.04
2.10
1.36
1.84
2.25
1.51
1.67
2.28
1.60
1.44
2.20
1.75
1.32
2.08
1.93
1.30
1.95
2.11
1.36
1.74
2.20
1.43
1.45
2.12
1.70
1.83
3.01
2.67
1.84
2.17
1.84
1.14
1.74
2.02
1.28
1.58
2.14
1.45
1.45
2.21
1.68
1.38
2.17
1.89
1.33
2.05
2.08
1.36
1.89
2.23
1.48
1.72
2.33
1.66
1.59
2.38
1.91
1.54
2.35
2.16
1.57
2.28
2.40
1.68
2.15
2.57
1.80
1.94
2.54
1.85
1.60
2.31
1.83
1.30
1.98
1.83
1.14
1.70
1.90
1.15
1.48
1.99
1.30
1.32
2.04
1.49
1.22
2.01
1.70
1.17
1.90
1.90
1.21
1.74
2.05
1.31
1.58
2.16
1.48
1.44
2.20
1.70
1.34
2.14
1.89
1.31
2.00
2.08
1.34
1.80
2.17
1.42
1.59
2.22
1.57
1.42
2.19
1.74
1.32
2.10
1.94
1.29
1.90
2.08
1.33
1.71
2.18
1.45
1.52
2.22
1.62
1.39
2.19
1.83
1.33
2.07
2.01
1.34
1.90
2.17
1.44
1.76
2.30
1.57
1.55
2.26
1.70
1.36
2.14
1.86
1.30
2.01
2.05
1.32
1.83
2.17
1.41
1.59
2.17
1.47
1.48
2.58
2.39
2.17
2.66
2.07
1.20
1.73
1.91
1.23
1.66
2.10
1.36
1.50
2.17
1.57
1.39
2.18
1.81
1.35
2.11
2.03
1.35
1.96
2.18
1.42
1.78
2.30
1.59
1.64
2.36
1.79
1.54
2.36
2.04
1.53
2.30
2.31
1.62
2.19
2.51
1.74
2.01
2.57
1.83
1.73
2.41
1.83
1.39
2.11
1.82
1.18
1.81
1.88
1.15
1.58
1.99
1.25
1.40
2.04
1.42
1.27
2.04
1.64
1.21
1.96
1.84
1.21
1.83
2.04
1.29
1.67
2.15
1.43
1.49
2.19
1.61
1.36
2.17
1.82
1.31
2.05
2.00
1.30
1.86
2.13
1.37
1.65
2.20
1.51
1.47
2.21
1.71
1.35
2.15
1.90
1.31
2.00
2.05
1.33
1.81
2.17
1.41
1.61
2.22
1.57
1.45
2.21
1.78
1.35
2.13
1.95
1.32
1.96
2.11
1.37
1.77
2.23
1.48
1.59
2.30
1.70
1.48
2.24
1.84
1.35
2.09
1.98
1.30
1.90
2.14
1.37
1.69
2.21
1.50
1.51
2.21
1.62
1.30
2.01
1.83
1.69
2.87
3.05
2.05
2.06
2.00
1.20
1.45
2.08
1.41
1.34
2.09
1.62
1.27
2.06
1.87
1.28
1.95
2.07
1.34
1.79
2.21
1.47
1.62
2.28
1.66
1.51
2.30
1.89
1.45
2.23
2.11
1.46
2.10
2.31
1.57
1.98
2.48
1.76
1.84
2.56
1.97
1.72
2.48
2.08
1.49
2.15
2.04
1.27
1.75
2.00
1.23
1.45
2.01
1.32
1.28
2.02
1.52
1.19
1.98
1.75
1.18
1.87
1.96
1.24
1.71
2.10
1.36
1.54
2.18
1.53
1.40
2.17
1.72
1.30
2.08
1.92
1.28
1.91
2.06
1.31
1.70
2.17
1.43
1.52
2.20
1.60
1.37
2.16
1.79
1.30
2.04
1.97
1.30
1.87
2.13
1.37
1.67
2.21
1.50
1.49
2.22
1.68
1.36
2.16
1.88
1.31
2.02
2.05
1.32
1.83
2.18
1.42
1.64
2.26
1.58
1.47
2.26
1.80
1.41
2.18
1.96
1.33
1.97
2.07
1.31
1.73
2.16
1.41
1.53
2.19
1.57
1.38
2.16
1.73
1.22
1.91
1.85
1.47
2.53
3.07
2.17
2.05
2.14
1.28
1.32
2.08
1.53
1.25
2.04
1.76
1.21
1.95
1.97
1.27
1.81
2.17
1.39
1.66
2.25
1.56
1.52
2.28
1.77
1.42
2.23
2.01
1.43
2.13
2.23
1.50
2.01
2.42
1.68
1.89
2.56
1.92
1.79
2.59
2.15
1.71
2.46
2.25
1.54
2.10
2.18
1.34
1.65
2.08
1.33
1.35
2.02
1.45
1.18
1.96
1.65
1.14
1.87
1.84
1.17
1.73
2.01
1.27
1.55
2.10
1.42
1.41
2.16
1.64
1.33
2.12
1.87
1.28
1.97
2.03
1.32
1.81
2.17
1.42
1.61
2.23
1.58
1.45
2.21
1.78
1.33
2.11
1.93
1.30
1.93
2.08
1.33
1.75
2.19
1.45
1.55
2.23
1.64
1.41
2.19
1.81
1.33
2.07
1.98
1.31
1.89
2.15
1.40
1.72
2.25
1.55
1.59
2.29
1.71
1.41
2.18
1.86
1.30
2.00
2.00
1.30
1.81
2.15
1.39
1.63
2.22
1.53
1.42
2.13
1.64
1.47
2.57
2.66
2.07
2.38
2.10
1.21
1.55
2.03
1.34
1.50
2.15
1.52
1.36
2.16
1.75
1.31
2.10
1.98
1.33
1.96
2.16
1.40
1.76
2.27
1.56
1.66
2.35
1.77
1.55
2.33
1.99
1.49
2.25
2.24
1.55
2.13
2.42
1.67
1.98
2.55
1.84
1.81
2.54
1.97
1.57
2.29
1.95
1.31
1.92
1.94
1.18
1.61
1.97
1.23
1.40
2.03
1.40
1.27
2.03
1.60
1.21
1.96
1.82
1.19
1.82
1.99
1.25
1.64
2.13
1.40
1.48
2.18
1.58
1.35
2.15
1.79
1.29
2.03
1.97
1.30
1.87
2.13
1.36
1.66
2.20
1.50
1.48
2.21
1.67
1.35
2.14
1.86
1.30
2.00
2.03
1.30
1.80
2.17
1.39
1.61
2.25
1.55
1.45
2.22
1.75
1.35
2.14
1.93
1.30
1.96
2.10
1.34
1.77
2.22
1.45
1.58
2.28
1.66
1.47
2.24
1.82
1.31
2.07
1.95
1.27
1.87
2.13
1.34
1.69
2.21
1.49
1.51
2.23
1.63
1.29
2.03
1.80
1.60
2.80
3.05
2.08
2.15
2.08
1.23
1.51
2.14
1.46
1.38
2.15
1.65
1.29
2.09
1.87
1.27
1.96
2.06
1.33
1.80
2.23
1.45
1.63
2.29
1.65
1.51
2.31
1.89
1.45
2.25
2.12
1.47
2.14
2.35
1.58
2.01
2.51
1.77
1.88
2.60
1.99
1.74
2.51
2.10
1.51
2.19
2.07
1.29
1.79
2.03
1.24
1.49
2.04
1.33
1.29
2.06
1.52
1.17
1.97
1.73
1.15
1.86
1.94
1.22
1.71
2.11
1.34
1.54
2.18
1.52
1.41
2.19
1.73
1.31
2.11
1.95
1.30
1.96
2.13
1.33
1.74
2.20
1.45
1.54
2.22
1.60
1.38
2.17
1.79
1.31
2.06
1.97
1.30
1.88
2.13
1.37
1.69
2.21
1.51
1.52
2.24
1.69
1.39
2.17
1.87
1.32
2.03
2.05
1.35
1.84
2.18
1.45
1.65
2.24
1.56
1.49
2.23
1.76
1.39
2.20
2.00
1.37
2.01
2.11
1.36
1.76
2.19
1.44
1.57
2.22
1.60
1.45
2.20
1.80
1.34
2.05
1.89
1.19
1.88
2.44
2.12
2.76
2.94
1.74
1.41
2.01
1.51
1.28
2.05
1.73
1.25
1.94
1.94
1.26
1.80
2.11
1.38
1.66
2.23
1.55
1.51
2.25
1.75
1.41
2.20
1.97
1.40
2.09
2.17
1.46
1.96
2.34
1.61
1.83
2.48
1.85
1.74
2.53
2.10
1.68
2.45
2.27
1.60
2.22
2.28
1.46
1.77
2.16
1.38
1.40
2.03
1.44
1.19
1.94
1.61
1.12
1.83
1.80
1.15
1.67
1.96
1.28
1.48
1.89
1.47
1.65
2.16
1.72
1.58
2.14
1.82
1.47
2.02
1.92
1.45
1.87
2.00
1.47
1.72
2.04
1.54
1.58
2.14
1.67
1.25
1.88
1.78
1.48
1.96
1.92
1.45
1.82
1.99
1.48
1.68
2.05
1.57
1.56
2.07
1.71
1.48
2.02
1.84
1.44
1.94
1.99
1.47
1.81
2.07
1.56
1.70
2.15
1.69
1.62
2.17
1.82
1.52
2.03
1.90
1.43
1.86
1.97
1.45
1.74
2.07
1.55
1.62
2.10
1.66
1.49
1.99
1.71
1.42
2.20
2.48
2.22
2.48
2.25
1.43
1.50
1.91
1.46
1.48
1.99
1.62
1.41
1.98
1.80
1.39
1.91
1.96
1.45
1.82
2.09
1.55
1.73
2.18
1.71
1.63
2.18
1.84
1.57
2.14
2.01
1.57
2.07
2.18
1.66
2.00
2.33
1.81
1.93
2.41
1.96
1.84
2.40
2.09
1.71
2.20
2.06
1.50
1.86
1.96
1.36
1.56
1.93
1.39
1.40
1.91
1.51
1.30
1.86
1.66
1.27
1.76
1.79
1.27
1.64
1.88
1.35
1.54
1.98
1.52
1.48
2.03
1.69
1.44
1.99
1.86
1.41
1.88
1.95
1.43
1.75
2.04
1.50
1.61
2.07
1.61
1.51
2.06
1.75
1.44
1.97
1.91
1.42
1.87
2.00
1.45
1.73
2.08
1.56
1.61
2.11
1.69
1.50
2.07
1.84
1.44
1.97
1.95
1.44
1.84
2.07
1.50
1.72
2.15
1.65
1.60
2.10
1.71
1.44
1.98
1.79
1.38
1.89
1.94
1.43
1.77
2.05
1.53
1.65
2.07
1.55
1.42
1.98
1.94
2.06
2.95
2.70
1.82
1.87
1.82
1.33
1.65
1.99
1.46
1.53
2.04
1.62
1.48
2.04
1.78
1.44
1.97
1.93
1.44
1.84
2.03
1.50
1.73
2.12
1.64
1.63
2.16
1.78
1.59
2.17
1.98
1.62
2.15
2.18
1.71
2.08
2.33
1.81
1.98
2.41
1.92
1.85
2.36
1.95
1.60
2.08
1.87
1.39
1.80
1.86
1.33
1.59
1.89
1.38
1.46
1.94
1.51
1.37
1.94
1.68
1.35
1.89
1.84
1.37
1.80
1.96
1.42
1.66
2.04
1.52
1.55
2.07
1.67
1.47
2.03
1.80
1.42
1.94
1.93
1.45
1.81
2.04
1.50
1.69
2.11
1.62
1.57
2.11
1.75
1.50
2.06
1.90
1.47
1.96
2.04
1.51
1.82
2.11
1.55
1.66
2.14
1.68
1.57
2.11
1.79
1.49
2.01
1.92
1.45
1.88
2.00
1.46
1.75
2.12
1.59
1.63
2.11
1.68
1.50
2.04
1.78
1.41
1.94
1.91
1.41
1.82
2.02
1.48
1.69
2.05
1.50
1.42
2.02
2.00
2.24
3.07
2.63
1.73
1.87
1.76
1.30
1.66
1.94
1.40
1.57
2.03
1.57
1.49
2.07
1.76
1.47
2.04
1.93
1.47
1.96
2.06
1.52
1.82
2.16
1.63
1.73
2.19
1.76
1.62
2.20
1.95
1.61
2.18
2.15
1.68
2.13
2.32
1.77
2.04
2.40
1.88
1.87
2.35
1.89
1.61
2.12
1.85
1.39
1.85
1.85
1.31
1.66
1.89
1.34
1.49
1.94
1.47
1.41
1.96
1.63
1.34
1.89
1.75
1.31
1.79
1.89
1.37
1.69
2.01
1.50
1.59
2.07
1.63
1.49
2.04
1.76
1.44
1.97
1.91
1.42
1.85
2.00
1.48
1.73
2.11
1.56
1.58
2.08
1.67
1.48
2.05
1.80
1.42
1.93
1.92
1.41
1.79
2.02
1.48
1.67
2.10
1.60
1.57
2.12
1.75
1.49
2.05
1.90
1.48
1.96
2.02
1.50
1.84
2.15
1.56
1.66
2.10
1.63
1.50
2.03
1.72
1.42
1.97
1.88
1.41
1.87
2.00
1.46
1.71
2.02
1.46
1.53
2.31
2.22
2.39
2.83
2.17
1.43
1.77
1.76
1.31
1.73
1.94
1.40
1.60
2.01
1.52
1.51
2.04
1.67
1.45
2.01
1.84
1.44
1.96
2.01
1.51
1.88
2.15
1.61
1.77
2.22
1.76
1.71
2.28
1.96
1.69
2.26
2.16
1.72
2.22
2.34
1.81
2.12
2.42
1.87
1.92
2.34
1.82
1.61
2.10
1.77
1.37
1.85
1.78
1.27
1.66
1.84
1.30
1.51
1.91
1.42
1.41
1.95
1.57
1.36
1.93
1.73
1.33
1.82
1.86
1.36
1.74
1.98
1.45
1.61
2.05
1.57
1.51
2.05
1.71
1.45
2.01
1.87
1.42
1.90
1.99
1.45
1.76
2.08
1.53
1.63
2.10
1.64
1.50
2.05
1.76
1.42
1.98
1.92
1.43
1.86
2.04
1.52
1.78
2.12
1.57
1.60
2.08
1.66
1.45
2.00
1.77
1.42
1.91
1.90
1.40
1.79
2.01
1.48
1.64
2.01
1.48
1.49
2.28
2.23
2.25
2.66
2.10
1.38
1.70
1.76
1.30
1.67
1.98
1.45
1.59
2.07
1.62
1.52
2.11
1.80
1.49
2.06
1.97
1.51
1.96
2.11
1.56
1.85
2.19
1.67
1.73
2.24
1.82
1.69
2.25
2.01
1.66
2.21
2.19
1.72
2.13
2.33
1.78
2.01
2.39
1.85
1.81
2.29
1.83
1.52
2.03
1.78
1.31
1.79
1.82
1.28
1.61
1.87
1.32
1.47
1.91
1.45
1.37
1.92
1.59
1.31
1.87
1.76
1.32
1.78
1.90
1.37
1.68
2.01
1.49
1.58
2.07
1.63
1.49
2.04
1.77
1.42
1.95
1.90
1.41
1.83
2.00
1.47
1.70
2.08
1.57
1.58
2.09
1.70
1.48
2.04
1.83
1.44
1.96
1.96
1.46
1.83
2.07
1.52
1.70
2.13
1.64
1.58
2.13
1.78
1.51
2.05
1.91
1.47
1.95
2.04
1.52
1.84
2.12
1.56
1.67
2.10
1.62
1.49
2.05
1.76
1.43
1.97
1.89
1.41
1.88
2.00
1.43
1.63
1.93
1.45
1.82
2.82
2.75
2.39
2.46
1.82
1.25
1.80
1.83
1.31
1.70
1.94
1.39
1.60
2.03
1.55
1.53
2.07
1.72
1.47
2.02
1.86
1.44
1.94
2.00
1.48
1.83
2.12
1.59
1.74
2.21
1.76
1.69
2.25
1.95
1.66
2.24
2.15
1.70
2.17
2.31
1.77
2.06
2.38
1.80
1.83
2.26
1.75
1.53
2.04
1.74
1.34
1.83
1.78
1.28
1.66
1.86
1.31
1.53
1.95
1.45
1.45
1.97
1.60
1.40
1.95
1.76
1.36
1.86
1.91
1.42
1.74
2.00
1.47
1.62
2.07
1.59
1.52
2.08
1.75
1.47
2.05
1.93
1.47
1.94
2.04
1.50
1.80
2.11
1.56
1.65
2.13
1.67
1.54
2.08
1.80
1.45
1.98
1.91
1.42
1.84
2.01
1.48
1.73
2.11
1.59
1.62
2.17
1.79
1.59
2.13
1.89
1.50
1.98
1.96
1.44
1.81
2.04
1.50
1.70
2.10
1.61
1.57
2.08
1.70
1.37
1.87
1.82
1.75
2.70
3.02
2.22
2.05
1.99
1.39
1.54
2.03
1.56
1.44
2.00
1.72
1.40
1.96
1.89
1.42
1.87
2.02
1.48
1.77
2.12
1.60
1.65
2.16
1.75
1.57
2.17
1.92
1.55
2.09
2.09
1.59
2.03
2.26
1.73
1.97
2.40
1.90
1.89
2.43
2.04
1.77
2.32
2.09
1.58
2.04
1.99
1.41
1.69
1.92
1.35
1.44
1.87
1.39
1.29
1.82
1.53
1.24
1.78
1.71
1.27
1.74
1.86
1.35
1.64
1.97
1.46
1.52
2.03
1.61
1.45
2.00
1.75
1.40
1.94
1.90
1.41
1.82
2.02
1.48
1.70
2.07
1.56
1.55
2.08
1.68
1.46
2.02
1.83
1.42
1.94
1.97
1.45
1.81
2.07
1.52
1.68
2.12
1.63
1.56
2.09
1.74
1.46
2.02
1.87
1.45
1.95
2.04
1.48
1.76
2.06
1.51
1.61
2.05
1.60
1.47
2.02
1.75
1.43
2.01
1.92
1.43
1.82
1.93
1.38
1.78
2.46
2.26
2.38
2.51
1.74
1.32
1.81
1.65
1.31
1.85
1.83
1.35
1.73
1.96
1.44
1.64
2.07
1.60
1.57
2.12
1.77
1.52
2.10
1.96
1.53
2.03
2.09
1.57
1.92
2.21
1.69
1.82
2.30
1.86
1.78
2.35
2.06
1.76
2.33
2.23
1.75
2.20
2.32
1.74
1.97
2.24
1.65
1.63
2.05
1.58
1.37
1.90
1.65
1.26
1.76
1.75
1.26
1.66
1.88
1.34
1.55
1.96
1.48
1.47
2.01
1.64
1.43
1.96
1.79
1.38
1.88
1.94
1.42
1.78
2.06
1.52
1.66
2.12
1.64
1.56
2.11
1.77
1.46
2.01
1.88
1.41
1.87
1.97
1.43
1.74
2.07
1.55
1.63
2.13
1.72
1.57
2.12
1.83
1.47
1.98
1.90
1.40
1.80
1.97
1.44
1.66
2.04
1.54
1.55
2.07
1.68
1.45
1.96
1.72
1.36
2.12
2.45
2.19
2.48
2.31
1.48
1.49
1.88
1.46
1.44
2.00
1.68
1.42
1.99
1.85
1.43
1.92
2.01
1.48
1.80
2.11
1.58
1.69
2.17
1.71
1.59
2.16
1.88
1.57
2.13
2.05
1.60
2.06
2.22
1.69
1.96
2.34
1.83
1.89
2.39
1.97
1.78
2.33
2.05
1.62
2.09
2.00
1.45
1.78
1.95
1.38
1.54
1.93
1.42
1.38
1.92
1.56
1.32
1.88
1.73
1.32
1.81
1.89
1.38
1.72
1.99
1.47
1.60
2.07
1.61
1.51
2.06
1.75
1.44
1.99
1.89
1.42
1.87
2.00
1.45
1.73
2.06
1.53
1.58
2.07
1.64
1.48
2.04
1.81
1.43
1.95
1.93
1.43
1.83
2.02
1.49
1.70
2.08
1.58
1.57
2.08
1.73
1.48
2.03
1.84
1.45
1.96
1.98
1.48
1.86
2.12
1.58
1.73
2.13
1.63
1.54
2.06
1.71
1.43
1.98
1.86
1.42
1.89
1.97
1.47
1.74
2.02
1.44
1.49
2.09
2.06
2.41
3.16
2.55
1.71
1.87
1.71
1.29
1.73
1.89
1.36
1.61
1.99
1.51
1.55
2.07
1.69
1.49
2.05
1.83
1.45
1.96
1.98
1.49
1.88
2.11
1.57
1.77
2.19
1.72
1.67
2.21
1.87
1.64
2.22
2.08
1.67
2.18
2.26
1.74
2.09
2.37
1.82
1.93
2.34
1.81
1.63
2.12
1.74
1.37
1.86
1.74
1.28
1.67
1.81
1.29
1.54
1.90
1.39
1.44
1.95
1.55
1.36
1.93
1.70
1.35
1.87
1.86
1.36
1.76
1.98
1.44
1.64
2.05
1.55
1.53
2.06
1.69
1.45
2.01
1.83
1.41
1.90
1.93
1.41
1.75
2.02
1.48
1.62
2.07
1.60
1.52
2.06
1.74
1.45
2.00
1.90
1.46
1.93
2.06
1.57
1.86
2.16
1.61
1.68
2.12
1.65
1.50
2.02
1.75
1.43
1.94
1.89
1.41
1.84
2.01
1.47
1.69
2.01
1.44
1.41
2.15
2.18
2.44
3.02
2.38
1.52
1.74
1.75
1.31
1.67
1.91
1.38
1.55
1.99
1.53
1.49
2.04
1.71
1.46
2.02
1.89
1.46
1.95
2.03
1.51
1.84
2.14