1.95
1.98
1.96
1.90
1.80
1.70
1.62
1.57
1.60
1.64
1.73
1.86
1.93
1.98
1.98
1.94
1.84
1.74
1.64
1.59
1

1.79
1.71
1.62
1.52
1.44
1.45
1.49
1.58
1.69
1.79
1.87
1.90
1.87
1.80
1.69
1.59
1.52
1.49
1.52
1.59
1.69

1.79
1.71
1.62
1.52
1.44
1.45
1.49
1.58
1.69
1.79
1.87
1.90
1.87
1.80
1.69
1.59
1.52
1.49
1.52
1.59
1.69
1.73
1.85
1.96
2.03
2.04
1.99
1.91
1.80
1.70
1.62
1.59
1.62
1.71
1.81
1.92
2.01
2.04
2.02
1.96
1.86
1.76
1.67
1.63
1.64
1.71
1.80
1.90
1.99
2.04
2.02
1.96
1.86
1.75
1.64
1.58
1.56
1.61
1.69
1.80
1.90
1.96
1.97
1.93
1.85
1.74
1.63
1.55
1.55
1.55
1.63
1.74
1.84
1.92
1.96
1.97
1.87
1.77
1.67
1.57
1.53
1.54
1.59
1.70
1.81
1.91
1.96
1.96
1.92
1.83
1.72
1.62
1.56
1.55
1.59
1.67
1.78
1.91
1.96
1.99
1.96
1.87
1.78
1.67
1.58
1.54
1.57
1.64
1.76
1.84
1.92
1.96
1.96
1.88
1.80
1.72
1.67
1.68
1.76
1.96
2.14
2.37
2.59
2.77
2.88
2.94
2.94
2.90
2.84
2.81
2.80
2.80
2.81
2.80
2.75
2.64
2.48
2.25
1.98
1.69
1.43
1.20
1.04
0.96
0.96
1.01
1.10
1.20
1.29
1.33
1.32
1.31
1.30
1.23
1.23
1.27
1.35
1.47
1.60
1.72
1.81
1.85
1.83
1.75
1.67
1.58
1.51
1.49
1.53
1.62
1.73
1.84
1.93
1.99
1.95
1.89
1.79
1.69
1.61
1.57
1.58
1.65
1.75
1.89
1.97
2.02
2.02
1.97
1.89
1.78
1.69
1.62
1.61
1.67
1.75
1.86
1.98
2.04
2.06
2.05
1.95
1.85
1.75
1.67
1.64
1.68
1.75
1.86
1.97
2.06
2.10
2.08
2.02
1.92
1.81
1.73
1.70
1.68
1.74
1.84
1.96
2.06
2.14
2.12
2.08
1.98
1.89
1.78
1.72
1.73
1.74
1.83
1.94
2.05
2.13
2.16
2.14
2.06
1.97
1.87
1.79
1.76
1.78
1.86
1.96
2.08
2.17
2.21
2.20
2.15
2.05
1.95
1.86
1.81
1.81
1.88
2.00
2.09
2.19
2.26
2.28
2.24
2.17
2.06
1.97
1.90
1.89
1.93
2.01
2.13
2.24
2.33
2.37
2.35
2.28
2.19
2.08
2.00
1.96
1.98
2.04
2.15
2.26
2.35
2.39
2.39
2.34
2.24
2.14
2.04
1.97
1.96
2.00
2.09
2.19
2.28
2.36
2.35
2.30
2.21
2.08
1.96
1.86
1.81
1.82
1.88
1.96
2.04
2.11
2.11
2.07
1.98
1.86
1.73
1.61
1.53
1.51
1.54
1.61
1.70
1.76
1.80
1.78
1.72
1.61
1.49
1.38
1.31
1.27
1.29
1.35
1.46
1.53
1.60
1.63
1.58
1.50
1.42
1.30
1.22
1.18
1.19
1.25
1.37
1.45
1.54
1.59
1.58
1.53
1.45
1.36
1.27
1.22
1.22
1.27
1.36
1.47
1.57
1.64
1.66
1.63
1.55
1.46
1.36
1.30
1.28
1.31
1.39
1.50
1.61
1.70
1.74
1.72
1.65
1.55
1.46
1.38
1.34
1.35
1.42
1.52
1.63
1.73
1.78
1.79
1.74
1.65
1.55
1.46
1.42
1.40
1.45
1.55
1.66
1.76
1.84
1.86
1.82
1.75
1.65
1.55
1.48
1.46
1.48
1.57
1.68
1.78
1.87
1.91
1.90
1.83
1.73
1.62
1.54
1.50
1.51
1.57
1.67
1.78
1.88
1.94
1.94
1.88
1.79
1.69
1.59
1.53
1.52
1.57
1.66
1.76
1.87
1.95
1.96
1.93
1.85
1.75
1.64
1.56
1.53
1.56
1.63
1.74
1.86
1.94
1.98
1.96
1.90
1.80
1.70
1.59
1.54
1.54
1.61
1.70
1.81
1.91
1.97
1.97
1.93
1.83
1.73
1.62
1.55
1.53
1.57
1.66
1.77
1.89
1.95
1.97
1.95
1.87
1.76
1.66
1.57
1.55
1.56
1.63
1.74
1.84
1.93
1.98
1.96
1.90
1.80
1.72
1.60
1.54
1.54
1.59
1.69
1.80
1.90
1.96
1.97
1.93
1.84
1.74
1.64
1.56
1.54
1.58
1.66
1.77
1.88
1.97
1.98
1.96
1.88
1.78
1.67
1.58
1.55
1.56
1.63
1.73
1.84
1.94
1.98
1.97
1.92
1.82
1.71
1.61
1.56
1.55
1.60
1.70
1.80
1.89
1.96
1.98
1.94
1.86
1.76
1.65
1.57
1.55
1.58
1.66
1.77
1.91
1.96
1.99
1.97
1.90
1.80
1.69
1.61
1.56
1.57
1.63
1.75
1.84
1.94
2.00
1.98
1.93
1.84
1.74
1.63
1.57
1.56
1.61
1.70
1.81
1.94
1.98
2.00
1.96
1.88
1.78
1.67
1.59
1.56
1.59
1.67
1.77
1.88
1.97
2.00
1.99
1.92
1.82
1.72
1.62
1.57
1.58
1.64
1.73
1.84
1.94
2.00
2.00
1.95
1.86
1.76
1.65
1.59
1.57
1.61
1.70
1.81
1.92
2.00
2.01
1.98
1.91
1.80
1.70
1.62
1.58
1.60
1.67
1.78
1.88
1.97
2.01
2.00
1.93
1.86
1.73
1.63
1.58
1.58
1.63
1.73
1.84
1.94
2.00
2.02
1.96
1.88
1.78
1.67
1.60
1.58
1.61
1.70
1.80
1.94
1.99
2.02
1.99
1.92
1.81
1.71
1.62
1.57
1.59
1.65
1.75
1.87
1.96
2.02
2.00
1.95
1.85
1.75
1.65
1.58
1.58
1.63
1.72
1.83
1.94
2.01
2.03
1.98
1.90
1.80
1.69
1.61
1.58
1.63
1.68
1.79
1.91
1.98
2.02
2.00
1.93
1.83
1.73
1.64
1.59
1.60
1.67
1.76
1.88
1.99
2.04
2.04
1.98
1.89
1.78
1.68
1.61
1.60
1.64
1.74
1.85
1.96
2.05
2.08
2.05
1.97
1.87
1.77
1.68
1.64
1.65
1.72
1.81
1.91
1.99
2.03
2.01
1.94
1.84
1.72
1.62
1.55
1.56
1.60
1.69
1.79
1.89
1.95
1.97
1.92
1.83
1.72
1.62
1.54
1.52
1.55
1.66
1.74
1.85
1.94
1.96
1.94
1.87
1.76
1.67
1.57
1.53
1.55
1.61
1.72
1.83
1.93
1.97
1.97
1.92
1.82
1.72
1.62
1.56
1.56
1.61
1.71
1.84
1.92
1.99
2.00
1.96
1.87
1.76
1.65
1.56
1.53
1.56
1.63
1.73
1.84
1.92
1.97
1.96
1.93
1.87
1.83
1.84
1.94
2.05
2.25
2.47
2.70
2.91
3.06
3.14
3.15
3.09
3.00
2.86
2.75
2.64
2.56
2.48
2.39
2.31
2.18
2.02
1.81
1.59
1.37
1.17
1.01
0.92
0.88
0.92
1.02
1.12
1.25
1.34
1.38
1.39
1.36
1.30
1.27
1.27
1.31
1.40
1.52
1.65
1.79
1.86
1.89
1.86
1.79
1.70
1.60
1.54
1.53
1.57
1.66
1.78
1.89
1.98
2.04
1.99
1.92
1.83
1.72
1.64
1.60
1.62
1.69
1.80
1.91
2.00
2.06
2.05
1.99
1.90
1.80
1.71
1.65
1.65
1.70
1.79
1.91
2.00
2.07
2.09
2.05
1.97
1.86
1.76
1.69
1.67
1.69
1.77
1.88
1.99
2.08
2.12
2.11
2.03
1.94
1.83
1.74
1.69
1.70
1.76
1.87
1.98
2.08
2.14
2.14
2.09
2.00
1.90
1.80
1.74
1.72
1.76
1.85
1.97
2.08
2.16
2.18
2.16
2.08
1.97
1.87
1.79
1.78
1.78
1.86
1.98
2.08
2.17
2.23
2.22
2.16
2.07
1.99
1.88
1.83
1.84
1.91
2.00
2.13
2.23
2.29
2.31
2.27
2.19
2.09
1.98
1.92
1.91
1.95
2.04
2.16
2.26
2.35
2.38
2.36
2.29
2.19
2.09
2.00
1.96
1.98
2.04
2.15
2.25
2.35
2.39
2.38
2.32
2.22
2.11
2.00
1.94
1.93
1.97
2.06
2.16
2.24
2.30
2.29
2.24
2.14
2.01
1.89
1.79
1.74
1.74
1.80
1.89
1.96
2.03
2.04
2.01
1.89
1.77
1.64
1.53
1.46
1.43
1.48
1.55
1.64
1.72
1.75
1.74
1.67
1.56
1.46
1.34
1.27
1.25
1.27
1.34
1.44
1.53
1.59
1.61
1.57
1.50
1.40
1.30
1.22
1.19
1.21
1.28
1.37
1.48
1.58
1.62
1.60
1.57
1.46
1.36
1.28
1.23
1.23
1.29
1.39
1.50
1.60
1.68
1.69
1.65
1.56
1.47
1.38
1.31
1.30
1.34
1.43
1.56
1.65
1.73
1.76
1.74
1.67
1.57
1.48
1.40
1.36
1.39
1.46
1.56
1.68
1.78
1.83
1.82
1.76
1.68
1.57
1.48
1.42
1.43
1.48
1.57
1.69
1.79
1.86
1.88
1.84
1.75
1.66
1.58
1.49
1.47
1.51
1.58
1.70
1.81
1.92
1.93
1.91
1.84
1.74
1.63
1.54
1.51
1.52
1.58
1.69
1.80
1.90
1.96
1.96
1.90
1.80
1.72
1.60
1.54
1.53
1.58
1.68
1.79
1.89
1.96
1.98
1.95
1.86
1.75
1.65
1.57
1.54
1.57
1.65
1.75
1.86
1.95
1.99
1.96
1.90
1.80
1.69
1.60
1.55
1.55
1.61
1.71
1.83
1.92
1.98
1.98
1.92
1.84
1.73
1.63
1.58
1.54
1.59
1.68
1.78
1.89
1.96
1.98
1.95
1.86
1.76
1.67
1.57
1.53
1.55
1.63
1.73
1.84
1.93
1.97
1.96
1.89
1.80
1.68
1.59
1.54
1.55
1.60
1.70
1.82
1.91
1.96
1.97
1.92
1.83
1.73
1.62
1.55
1.53
1.57
1.67
1.77
1.88
1.96
1.99
1.96
1.88
1.78
1.67
1.59
1.55
1.57
1.64
1.74
1.85
1.94
1.98
1.97
1.91
1.81
1.71
1.61
1.55
1.55
1.60
1.70
1.80
1.91
1.97
1.98
1.93
1.85
1.76
1.64
1.56
1.54
1.58
1.66
1.76
1.89
1.96
1.99
1.97
1.90
1.79
1.70
1.60
1.56
1.57
1.64
1.74
1.85
1.95
1.99
1.99
1.93
1.84
1.73
1.63
1.58
1.57
1.62
1.71
1.82
1.93
1.99
2.01
1.96
1.88
1.77
1.67
1.59
1.56
1.58
1.66
1.76
1.88
1.97
1.99
1.98
1.91
1.80
1.70
1.62
1.57
1.58
1.64
1.74
1.86
1.96
2.01
2.01
1.96
1.88
1.76
1.66
1.60
1.58
1.62
1.70
1.81
1.91
1.98
2.00
1.97
1.89
1.79
1.69
1.60
1.56
1.59
1.66
1.77
1.90
1.96
2.01
2.00
1.94
1.84
1.73
1.64
1.58
1.58
1.64
1.73
1.84
1.94
2.02
2.01
1.96
1.88
1.77
1.67
1.59
1.57
1.61
1.69
1.80
1.90
1.98
2.01
1.98
1.91
1.81
1.70
1.62
1.58
1.59
1.66
1.76
1.87
1.97
2.02
2.01
1.96
1.86
1.76
1.66
1.59
1.58
1.65
1.73
1.84
1.94
2.03
2.03
1.99
1.91
1.79
1.69
1.62
1.57
1.60
1.68
1.79
1.90
1.98
2.02
2.00
1.94
1.83
1.72
1.63
1.58
1.58
1.64
1.75
1.85
1.95
2.01
2.01
1.96
1.86
1.77
1.65
1.59
1.58
1.63
1.72
1.84
1.95
2.03
2.05
2.03
1.93
1.82
1.71
1.63
1.59
1.62
1.70
1.80
1.92
2.01
2.06
2.05
1.99
1.89
1.79
1.68
1.62
1.61
1.67
1.75
1.86
1.96
2.01
2.01
1.96
1.87
1.76
1.65
1.57
1.54
1.57
1.65
1.76
1.86
1.94
1.96
1.95
1.85
1.75
1.64
1.55
1.51
1.52
1.59
1.70
1.81
1.91
1.97
1.95
1.89
1.80
1.69
1.60
1.54
1.53
1.59
1.68
1.79
1.90
1.96
1.99
1.94
1.85
1.74
1.64
1.56
1.53
1.57
1.65
1.75
1.86
1.95
1.98
1.96
1.89
1.78
1.68
1.58
1.53
1.53
1.59
1.68
1.79
1.89
1.98
1.98
1.96
1.92
1.88
1.87
1.93
2.04
2.21
2.43
2.65
2.87
3.04
3.16
3.18
3.14
3.05
2.96
2.79
2.67
2.57
2.47
2.39
2.29
2.19
1.99
1.78
1.56
1.33
1.13
0.98
0.87
0.85
0.89
0.99
1.13
1.28
1.40
1.48
1.50
1.47
1.42
1.36
1.33
1.34
1.41
1.51
1.63
1.75
1.85
1.89
1.88
1.81
1.72
1.61
1.55
1.51
1.53
1.61
1.72
1.83
1.94
1.98
1.98
1.93
1.83
1.73
1.67
1.58
1.58
1.65
1.74
1.85
1.96
2.03
2.04
2.00
1.91
1.80
1.71
1.63
1.61
1.65
1.74
1.84
1.95
2.03
2.08
2.04
1.97
1.87
1.76
1.68
1.63
1.65
1.72
1.82
1.94
2.04
2.10
2.09
2.04
1.95
1.85
1.74
1.68
1.67
1.72
1.81
1.93
2.03
2.11
2.13
2.09
2.01
1.91
1.80
1.73
1.70
1.73
1.83
1.92
2.04
2.14
2.17
2.15
2.09
1.99
1.88
1.79
1.77
1.76
1.83
1.94
2.07
2.15
2.21
2.22
2.17
2.09
1.98
1.89
1.83
1.82
1.87
1.96
2.09
2.19
2.28
2.31
2.28
2.20
2.11
2.00
1.93
1.90
1.93
2.00
2.12
2.24
2.36
2.38
2.37
2.31
2.21
2.11
2.02
1.96
1.96
2.02
2.12
2.23
2.33
2.39
2.40
2.35
2.26
2.16
2.05
1.97
1.94
1.97
2.05
2.15
2.26
2.31
2.32
2.28
2.18
2.07
1.95
1.83
1.76
1.75
1.81
1.87
1.96
2.02
2.05
2.01
1.93
1.82
1.68
1.55
1.47
1.44
1.46
1.52
1.63
1.70
1.74
1.74
1.69
1.59
1.48
1.37
1.28
1.24
1.25
1.32
1.40
1.50
1.59
1.61
1.58
1.53
1.42
1.31
1.23
1.17
1.18
1.24
1.32
1.44
1.53
1.59
1.61
1.56
1.49
1.38
1.30
1.23
1.22
1.26
1.35
1.46
1.57
1.66
1.69
1.66
1.59
1.50
1.40
1.33
1.30
1.32
1.40
1.50
1.62
1.72
1.76
1.76
1.71
1.61
1.52
1.42
1.37
1.38
1.44
1.55
1.64
1.75
1.82
1.83
1.79
1.71
1.60
1.51
1.44
1.42
1.46
1.54
1.65
1.76
1.85
1.88
1.88
1.78
1.69
1.58
1.50
1.46
1.48
1.55
1.65
1.77
1.86
1.92
1.92
1.86
1.77
1.66
1.57
1.51
1.51
1.58
1.66
1.76
1.88
1.94
1.96
1.91
1.84
1.72
1.62
1.54
1.55
1.56
1.64
1.75
1.86
1.94
1.97
1.95
1.87
1.77
1.67
1.58
1.53
1.54
1.61
1.72
1.83
1.92
1.97
1.97
1.91
1.82
1.74
1.61
1.55
1.55
1.61
1.69
1.80
1.91
1.97
1.98
1.94
1.86
1.75
1.64
1.56
1.54
1.57
1.65
1.76
1.86
1.95
1.99
1.98
1.89
1.79
1.71
1.59
1.55
1.55
1.62
1.72
1.83
1.93
1.98
1.97
1.92
1.82
1.72
1.62
1.56
1.54
1.58
1.67
1.78
1.89
1.96
1.99
1.95
1.87
1.76
1.66
1.58
1.54
1.57
1.64
1.75
1.86
1.95
1.99
1.97
1.91
1.80
1.70
1.60
1.55
1.55
1.61
1.72
1.82
1.93
1.98
1.99
1.95
1.85
1.76
1.65
1.58
1.57
1.60
1.69
1.80
1.90
1.98
2.01
1.97
1.89
1.79
1.69
1.60
1.56
1.58
1.65
1.75
1.86
1.95
2.00
2.00
1.93
1.83
1.73
1.63
1.57
1.56
1.61
1.71
1.82
1.93
1.99
2.00
1.96
1.87
1.77
1.66
1.59
1.56
1.59
1.68
1.78
1.89
1.97
2.00
1.98
1.91
1.82
1.70
1.61
1.56
1.57
1.64
1.74
1.87
1.95
2.01
2.00
1.96
1.86
1.75
1.65
1.59
1.57
1.63
1.71
1.82
1.92
2.00
2.01
1.97
1.89
1.79
1.68
1.60
1.56
1.59
1.67
1.77
1.88
1.97
2.01
1.99
1.93
1.85
1.72
1.62
1.57
1.57
1.63
1.74
1.86
1.95
2.01
2.01
1.97
1.88
1.76
1.68
1.60
1.58
1.62
1.71
1.82
1.93
1.99
2.02
1.98
1.91
1.80
1.70
1.61
1.57
1.59
1.69
1.76
1.88
1.97
2.02
2.01
1.95
1.87
1.74
1.65
1.59
1.58
1.64
1.73
1.84
1.94
2.01
2.02
1.97
1.88
1.77
1.67
1.59
1.57
1.60
1.68
1.79
1.91
1.99
2.02
1.99
1.92
1.82
1.71
1.62
1.58
1.59
1.66
1.75
1.87
1.96
2.02
2.01
1.95
1.86
1.77
1.65
1.58
1.57
1.63
1.72
1.84
1.94
2.01
2.03
1.99
1.90
1.79
1.69
1.61
1.58
1.61
1.69
1.79
1.91
2.00
2.04
2.02
1.98
1.86
1.74
1.65
1.59
1.60
1.66
1.77
1.87
1.97
2.03
2.04
1.99
1.91
1.80
1.70
1.64
1.63
1.66
1.75
1.86
1.96
2.03
2.05
2.01
1.92
1.81
1.70
1.61
1.57
1.59
1.66
1.76
1.87
1.98
1.99
1.98
1.94
1.80
1.69
1.58
1.52
1.52
1.57
1.66
1.77
1.88
1.94
1.95
1.90
1.82
1.71
1.61
1.53
1.52
1.55
1.64
1.75
1.85
1.94
1.97
1.95
1.87
1.76
1.66
1.57
1.53
1.55
1.62
1.74
1.85
1.94
1.99
1.98
1.92
1.83
1.72
1.61
1.55
1.54
1.58
1.67
1.78
1.88
1.94
1.95
1.90
1.82
1.73
1.64
1.59
1.61
1.72
1.89
2.11
2.34
2.56
2.72
2.82
2.87
2.86
2.83
2.81
2.82
2.85
2.91
2.96
2.97
2.92
2.80
2.62
2.36
2.07
1.76
1.47
1.23
1.07
1.00
0.99
1.05
1.12
1.21
1.29
1.29
1.27
1.23
1.20
1.18
1.20
1.28
1.37
1.51
1.65
1.76
1.83
1.84
1.79
1.70
1.60
1.52
1.48
1.50
1.56
1.66
1.78
1.89
1.96
1.96
1.92
1.83
1.73
1.65
1.56
1.56
1.61
1.69
1.81
1.92
2.00
2.02
1.99
1.92
1.81
1.71
1.63
1.59
1.62
1.69
1.80
1.92
2.01
2.05
2.05
1.98
1.89
1.78
1.69
1.63
1.64
1.70
1.80
1.91
2.01
2.08
2.09
2.05
1.98
1.85
1.75
1.68
1.65
1.69
1.77
1.91
2.00
2.09
2.12
2.09
2.02
1.92
1.81
1.73
1.71
1.70
1.77
1.88
1.99
2.09
2.15
2.14
2.09
2.00
1.89
1.80
1.74
1.74
1.78
1.88
2.00
2.11
2.18
2.20
2.17
2.09
2.02
1.89
1.81
1.79
1.82
1.91
2.02
2.14
2.23
2.27
2.26
2.20
2.10
1.99
1.92
1.86
1.88
1.95
2.05
2.17
2.28
2.34
2.35
2.31
2.22
2.12
2.02
1.96
1.94
1.98
2.08
2.19
2.30
2.38
2.40
2.37
2.29
2.18
2.07
1.99
1.95
1.99
2.04
2.15
2.25
2.33
2.37
2.35
2.26
2.15
2.03
1.94
1.84
1.82
1.87
1.94
2.03
2.11
2.18
2.14
2.07
1.96
1.82
1.70
1.60
1.54
1.55
1.60
1.69
1.77
1.83
1.84
1.79
1.70
1.57
1.46
1.35
1.30
1.29
1.33
1.42
1.52
1.60
1.64
1.64
1.57
1.48
1.37
1.29
1.21
1.19
1.23
1.31
1.41
1.52
1.58
1.61
1.57
1.50
1.40
1.30
1.23
1.20
1.23
1.32
1.40
1.52
1.60
1.65
1.64
1.58
1.50
1.39
1.31
1.27
1.27
1.33
1.43
1.55
1.65
1.72
1.74
1.68
1.60
1.50
1.41
1.35
1.33
1.39
1.47
1.58
1.70
1.77
1.80
1.78
1.72
1.61
1.51
1.43
1.39
1.42
1.50
1.61
1.72
1.81
1.87
1.86
1.80
1.70
1.60
1.51
1.46
1.49
1.51
1.61
1.72
1.83
1.90
1.91
1.86
1.78
1.67
1.57
1.50
1.49
1.52
1.61
1.72
1.83
1.92
1.95
1.92
1.85
1.75
1.64
1.55
1.52
1.54
1.60
1.70
1.81
1.91
1.96
1.96
1.90
1.80
1.70
1.60
1.54
1.54
1.59
1.68
1.80
1.90
1.97
1.99
1.95
1.86
1.74
1.65
1.57
1.54
1.57
1.65
1.76
1.87
1.96
1.99
1.97
1.90
1.81
1.69
1.59
1.54
1.57
1.62
1.72
1.83
1.92
1.97
1.97
1.91
1.82
1.71
1.61
1.54
1.53
1.58
1.67
1.79
1.89
1.96
1.98
1.94
1.86
1.74
1.65
1.56
1.53
1.56
1.66
1.75
1.86
1.95
1.99
1.97
1.90
1.82
1.69
1.60
1.54
1.55
1.61
1.71
1.82
1.92
1.97
1.98
1.92
1.83
1.72
1.62
1.55
1.53
1.58
1.66
1.77
1.88
1.96
1.99
1.95
1.88
1.77
1.66
1.58
1.56
1.56
1.64
1.74
1.86
1.95
1.99
1.98
1.91
1.81
1.70
1.60
1.55
1.55
1.60
1.70
1.81
1.92
1.98
1.99
1.95
1.86
1.75
1.66
1.57
1.55
1.59
1.67
1.78
1.90
1.97
2.00
1.97
1.90
1.80
1.69
1.59
1.55
1.56
1.65
1.74
1.85
1.95
2.03
2.00
1.94
1.84
1.73
1.63
1.56
1.55
1.61
1.70
1.81
1.92
1.99
2.03
1.97
1.88
1.77
1.68
1.59
1.56
1.59
1.67
1.78
1.89
1.97
2.01
1.99
1.92
1.81
1.70
1.62
1.56
1.57
1.63
1.74
1.85
1.95
2.01
2.01
1.96
1.86
1.74
1.64
1.58
1.56
1.61
1.70
1.83
1.92
1.99
2.02
1.98
1.90
1.80
1.69
1.60
1.57
1.59
1.66
1.76
1.90
1.96
2.01
1.99
1.93
1.82
1.72
1.61
1.56
1.56
1.62
1.72
1.84
1.95
2.01
2.01
1.96
1.88
1.76
1.66
1.58
1.56
1.60
1.70
1.79
1.91
2.00
2.02
1.99
1.92
1.81
1.70
1.62
1.56
1.58
1.64
1.75
1.86
1.96
2.01
2.00
1.95
1.87
1.74
1.64
1.57
1.57
1.62
1.72
1.83
1.94
2.01
2.03
1.98
1.90
1.80
1.69
1.61
1.58
1.61
1.69
1.79
1.91
2.02
2.03
2.02
1.95
1.85
1.74
1.66
1.61
1.63
1.70
1.80
1.91
2.00
2.05
2.05
1.99
1.89
1.77
1.67
1.59
1.57
1.61
1.70
1.80
1.91
1.98
1.99
1.95
1.86
1.75
1.63
1.54
1.50
1.52
1.60
1.71
1.82
1.91
1.96
1.94
1.88
1.78
1.67
1.57
1.52
1.52
1.58
1.68
1.79
1.90
1.96
1.97
1.93
1.84
1.73
1.63
1.56
1.53
1.57
1.66
1.77
1.88
1.96
1.99
1.96
1.89
1.78
1.67
1.58
1.54
1.55
1.62
1.72
1.82
1.91
1.96
1.95
1.89
1.79
1.69
1.62
1.59
1.65
1.78
1.98
2.20
2.44
2.64
2.78
2.86
2.88
2.87
2.83
2.81
2.82
2.87
2.89
2.93
2.92
2.84
2.69
2.48
2.22
1.93
1.64
1.39
1.20
1.08
1.04
1.06
1.11
1.17
1.22
1.24
1.22
1.17
1.12
1.07
1.06
1.09
1.18
1.31
1.46
1.61
1.73
1.79
1.79
1.74
1.66
1.57
1.51
1.49
1.52
1.61
1.73
1.85
1.95
1.99
1.98
1.92
1.81
1.71
1.62
1.57
1.58
1.65
1.78
1.87
1.98
2.04
2.05
2.00
1.92
1.81
1.71
1.64
1.63
1.67
1.76
1.90
1.98
2.06
2.09
2.05
1.98
1.87
1.76
1.68
1.64
1.67
1.74
1.85
1.98
2.07
2.12
2.11
2.05
1.95
1.84
1.74
1.69
1.69
1.75
1.85
1.96
2.07
2.14
2.15
2.10
2.01
1.90
1.80
1.73
1.71
1.74
1.83
1.95
2.06
2.15
2.17
2.15
2.08
1.97
1.87
1.78
1.74
1.76
1.83
1.94
2.06
2.16
2.21
2.21
2.16
2.06
1.96
1.86
1.80
1.80
1.85
1.95
2.07
2.18
2.27
2.28
2.25
2.17
2.08
1.97
1.91
1.89
1.93
2.02
2.14
2.25
2.34
2.38
2.37
2.29
2.19
2.09
1.99
1.95
1.96
2.02
2.13
2.25
2.35
2.40
2.40
2.35
2.25
2.14
2.03
1.96
1.95
1.99
2.08
2.19
2.29
2.36
2.38
2.32
2.22
2.11
1.98
1.88
1.83
1.83
1.89
1.98
2.07
2.16
2.15
2.11
2.02
1.89
1.75
1.64
1.56
1.53
1.57
1.64
1.73
1.80
1.84
1.83
1.76
1.65
1.52
1.41
1.32
1.29
1.31
1.38
1.47
1.57
1.64
1.65
1.62
1.53
1.43
1.32
1.24
1.20
1.21
1.27
1.37
1.48
1.56
1.61
1.61
1.54
1.46
1.36
1.27
1.21
1.21
1.27
1.36
1.47
1.58
1.65
1.67
1.63
1.55
1.46
1.36
1.29
1.28
1.31
1.39
1.51
1.61
1.71
1.74
1.73
1.66
1.56
1.46
1.37
1.35
1.36
1.43
1.54
1.66
1.75
1.81
1.81
1.77
1.67
1.56
1.47
1.42
1.42
1.47
1.57
1.68
1.78
1.85
1.87
1.83
1.75
1.65
1.55
1.48
1.46
1.50
1.58
1.69
1.80
1.89
1.93
1.91
1.83
1.73
1.62
1.54
1.52
1.51
1.57
1.68
1.79
1.90
1.96
1.95
1.89
1.80
1.69
1.59
1.53
1.52
1.56
1.66
1.77
1.88
1.96
1.97
1.94
1.86
1.74
1.64
1.56
1.53
1.56
1.63
1.74
1.86
1.95
1.99
1.96
1.90
1.79
1.70
1.59
1.54
1.55
1.61
1.71
1.82
1.92
1.97
1.97
1.93
1.83
1.72
1.62
1.57
1.54
1.58
1.68
1.79
1.90
1.97
1.99
1.96
1.87
1.76
1.65
1.57
1.53
1.55
1.63
1.74
1.86
1.95
1.99
1.97
1.91
1.82
1.69
1.59
1.54
1.54
1.60
1.70
1.81
1.92
1.98
1.99
1.94
1.84
1.73
1.65
1.56
1.54
1.58
1.67
1.78
1.89
1.99
2.00
1.97
1.89
1.78
1.68
1.59
1.54
1.56
1.64
1.74
1.85
1.95
2.00
2.01
1.92
1.81
1.71
1.61
1.55
1.55
1.63
1.70
1.81
1.92
1.98
2.00
1.96
1.86
1.75
1.65
1.57
1.55
1.58
1.67
1.78
1.89
1.97
2.01
1.98
1.90
1.80
1.68
1.59
1.54
1.55
1.62
1.73
1.84
1.94
1.99
1.99
1.93
1.83
1.73
1.62
1.59
1.55
1.60
1.70
1.80
1.91
1.99
2.00
1.96
1.91
1.77
1.67
1.58
1.56
1.58
1.66
1.77
1.88
1.97
2.01
1.99
1.92
1.82
1.71
1.61
1.56
1.57
1.63
1.74
1.85
1.95
2.01
2.01
1.96
1.86
1.75
1.65
1.60
1.56
1.60
1.68
1.80
1.91
1.99
2.02
1.99
1.92
1.84
1.71
1.63
1.60
1.62
1.70
1.80
1.91
2.00
2.03
2.03
1.97
1.88
1.77
1.68
1.63
1.63
1.69
1.78
1.90
2.00
2.06
2.07
2.01
1.92
1.80
1.69
1.61
1.58
1.61
1.69
1.81
1.90
1.98
2.03
1.98
1.90
1.79
1.67
1.57
1.52
1.53
1.59
1.69
1.79
1.90
1.95
1.95
1.89
1.79
1.69
1.59
1.52
1.52
1.58
1.66
1.76
1.87
1.95
1.97
1.93
1.84
1.74
1.63
1.54
1.52
1.54
1.63
1.76
1.85
1.94
1.98
1.97
1.90
1.80
1.71
1.61
1.56
1.56
1.63
1.73
1.84
1.93
1.98
1.98
1.92
1.82
1.71
1.60
1.56
1.54
1.61
1.74
1.92
2.10
2.28
2.42
2.53
2.59
2.61
2.62
2.64
2.69
2.79
2.90
3.02
3.11
3.15
3.11
2.98
2.76
2.49
2.20
1.93
1.67
1.48
1.36
1.30
1.28
1.29
1.29
1.28
1.19
1.12
1.06
0.98
0.96
0.98
1.06
1.18
1.33
1.49
1.65
1.71
1.73
1.70
1.63
1.55
1.49
1.47
1.49
1.57
1.69
1.80
1.91
1.97
1.97
1.92
1.83
1.73
1.63
1.58
1.57
1.63
1.73
1.85
1.96
2.03
2.05
2.01
1.93
1.82
1.72
1.64
1.62
1.65
1.73
1.86
1.96
2.04
2.08
2.06
1.99
1.89
1.78
1.69
1.64
1.65
1.72
1.81
1.95
2.04
2.10
2.10
2.05
1.97
1.85
1.75
1.69
1.68
1.72
1.82
1.94
2.04
2.12
2.14
2.11
2.03
1.92
1.81
1.73
1.70
1.72
1.82
1.91
2.03
2.14
2.17
2.16
2.09
1.99
1.88
1.79
1.74
1.74
1.80
1.93
2.02
2.13
2.20
2.20
2.16
2.07
1.96
1.86
1.79
1.77
1.82
1.91
2.03
2.15
2.23
2.27
2.25
2.17
2.08
1.97
1.89
1.85
1.88
1.96
2.07
2.19
2.29
2.35
2.34
2.29
2.19
2.09
1.99
1.94
1.94
2.00
2.10
2.22
2.33
2.39
2.41
2.37
2.28
2.17
2.07
1.98
1.96
2.00
2.07
2.18
2.29
2.37
2.39
2.36
2.28
2.16
2.04
1.93
1.87
1.87
1.92
2.00
2.09
2.17
2.20
2.17
2.09
1.98
1.83
1.71
1.61
1.57
1.59
1.65
1.74
1.82
1.87
1.86
1.80
1.71
1.58
1.46
1.37
1.31
1.31
1.37
1.46
1.55
1.63
1.66
1.64
1.57
1.46
1.35
1.26
1.20
1.20
1.25
1.34
1.44
1.54
1.60
1.63
1.56
1.49
1.38
1.29
1.22
1.20
1.24
1.32
1.43
1.54
1.63
1.66
1.64
1.56
1.48
1.37
1.30
1.26
1.28
1.37
1.46
1.58
1.68
1.74
1.73
1.67
1.59
1.48
1.39
1.34
1.34
1.40
1.50
1.61
1.72
1.79
1.80
1.76
1.68
1.58
1.49
1.41
1.39
1.43
1.52
1.63
1.74
1.83
1.87
1.85
1.78
1.68
1.57
1.49
1.45
1.46
1.53
1.64
1.75
1.85
1.91
1.90
1.85
1.75
1.65
1.55
1.50
1.49
1.56
1.63
1.74
1.86
1.93
1.95
1.91
1.85
1.72
1.61
1.53
1.51
1.54
1.62
1.73
1.84
1.94
1.97
1.96
1.88
1.78
1.67
1.58
1.53
1.54
1.60
1.73
1.82
1.92
1.97
1.97
1.92
1.82
1.72
1.61
1.54
1.53
1.58
1.67
1.78
1.89
1.96
1.98
1.95
1.86
1.75
1.64
1.56
1.52
1.55
1.63
1.73
1.84
1.94
1.98
1.96
1.89
1.79
1.68
1.60
1.53
1.54
1.60
1.70
1.81
1.92
1.98
1.98
1.93
1.84
1.73
1.62
1.55
1.54
1.58
1.67
1.79
1.90
1.97
2.00
1.98
1.88
1.77
1.66
1.57
1.53
1.55
1.64
1.74
1.85
1.95
1.98
1.97
1.91
1.81
1.70
1.60
1.55
1.55
1.61
1.71
1.83
1.93
1.99
2.00
1.95
1.85
1.74
1.67
1.56
1.54
1.58
1.66
1.77
1.89
1.96
1.99
1.97
1.90
1.79
1.68
1.59
1.54
1.56
1.62
1.75
1.84
1.94
1.99
1.98
1.93
1.83
1.71
1.62
1.56
1.55
1.61
1.71
1.82
1.92
1.99
2.00
1.96
1.87
1.76
1.65
1.58
1.55
1.58
1.67
1.78
1.89
1.97
2.02
1.98
1.91
1.81
1.70
1.60
1.56
1.56
1.63
1.73
1.84
1.95
2.00
2.00
1.94
1.84
1.73
1.63
1.57
1.55
1.60
1.70
1.80
1.91
1.99
2.01
1.97
1.89
1.78
1.70
1.60
1.56
1.58
1.66
1.77
1.89
1.97
2.02
1.99
1.94
1.83
1.72
1.61
1.57
1.56
1.62
1.73
1.84
1.94
2.00
2.01
1.96
1.88
1.76
1.65
1.57
1.56
1.60
1.69
1.80
1.92
2.00
2.03
2.00
1.94
1.82
1.72
1.62
1.58
1.59
1.67
1.77
1.89
1.98
2.03
2.04
1.97
1.88
1.78
1.68
1.62
1.61
1.66
1.75
1.87
1.97
2.05
2.06
2.02
1.94
1.84
1.74
1.66
1.64
1.67
1.75
1.86
1.96
2.05
2.08
2.04
1.96
1.85
1.73
1.63
1.57
1.57
1.64
1.74
1.87
1.94
1.99
1.98
1.92
1.82
1.71
1.60
1.52
1.51
1.55
1.63
1.74
1.85
1.95
1.95
1.92
1.83
1.73
1.62
1.53
1.50
1.53
1.61
1.72
1.83
1.93
1.96
1.96
1.88
1.78
1.67
1.60
1.52
1.54
1.60
1.70
1.81
1.91
1.98
1.98
1.94
1.84
1.73
1.62
1.56
1.54
1.58
1.67
1.79
1.88
1.95
1.97
1.93
1.84
1.74
1.64
1.57
1.56
1.62
1.75
1.93
2.15
2.35
2.53
2.65
2.72
2.74
2.74
2.74
2.76
2.82
2.92
3.02
3.11
3.12
3.06
2.92
2.71
2.43
2.12
1.82
1.52
1.30
1.16
1.09
1.09
1.12
1.17
1.20
1.20
1.18
1.13
1.09
1.07
1.09
1.15
1.26
1.40
1.56
1.69
1.78
1.80
1.76
1.70
1.60
1.52
1.47
1.47
1.53
1.63
1.75
1.87
1.95
1.97
1.93
1.85
1.75
1.65
1.57
1.54
1.58
1.66
1.77
1.90
1.98
2.02
2.00
1.94
1.84
1.73
1.64
1.59
1.60
1.69
1.77
1.89
1.99
2.05
2.05
2.00
1.91
1.80
1.70
1.63
1.62
1.67
1.77
1.88
1.98
2.06
2.09
2.05
1.98
1.87
1.76
1.67
1.65
1.66
1.74
1.87
1.97
2.06
2.12
2.10
2.04
1.94
1.82
1.73
1.67
1.68
1.74
1.84
1.96
2.08
2.14
2.15
2.11
2.02
1.91
1.81
1.76
1.72
1.76
1.86
1.97
2.09
2.17
2.22
2.18
2.11
2.01
1.90
1.82
1.78
1.80
1.88
1.99
2.11
2.20
2.26
2.26
2.20
2.12
2.01
1.92
1.87
1.87
1.94
2.04
2.16
2.27
2.35
2.37
2.33
2.24
2.14
2.03
1.96
1.96
1.98
2.07
2.18
2.29
2.38
2.41
2.40
2.31
2.20
2.09
2.00
1.96
1.98
2.03
2.13
2.24
2.34
2.38
2.37
2.31
2.19
2.07
1.96
1.87
1.84
1.87
1.95
2.03
2.12
2.17
2.16
2.10
1.99
1.86
1.73
1.62
1.56
1.56
1.61
1.69
1.77
1.84
1.85
1.81
1.72
1.60
1.48
1.37
1.32
1.29
1.33
1.41
1.51
1.59
1.64
1.64
1.58
1.49
1.37
1.27
1.20
1.17
1.20
1.28
1.39
1.49
1.57
1.60
1.58
1.51
1.41
1.31
1.23
1.19
1.21
1.28
1.39
1.50
1.61
1.66
1.66
1.60
1.51
1.41
1.32
1.26
1.27
1.32
1.42
1.53
1.64
1.72
1.73
1.70
1.62
1.51
1.42
1.35
1.33
1.38
1.46
1.57
1.69
1.77
1.81
1.78
1.71
1.61
1.51
1.42
1.39
1.40
1.48
1.58
1.70
1.80
1.86
1.85
1.80
1.71
1.60
1.52
1.46
1.46
1.52
1.61
1.73
1.83
1.91
1.92
1.88
1.79
1.69
1.58
1.50
1.48
1.51
1.59
1.71
1.82
1.91
1.95
1.93
1.86
1.76
1.65
1.56
1.52
1.52
1.59
1.69
1.81
1.90
1.96
1.96
1.90
1.80
1.70
1.60
1.55
1.52
1.57
1.66
1.80
1.89
1.96
2.01
1.95
1.87
1.77
1.65
1.57
1.54
1.56
1.64
1.75
1.87
1.97
1.99
1.97
1.94
1.80
1.69
1.60
1.54
1.54
1.60
1.71
1.82
1.92
1.99
1.98
1.93
1.84
1.74
1.62
1.55
1.53
1.58
1.67
1.78
1.90
1.97
2.00
1.97
1.89
1.78
1.67
1.58
1.54
1.56
1.64
1.73
1.85
1.94
1.98
1.97
1.91
1.80
1.70
1.60
1.54
1.54
1.60
1.70
1.83
1.91
1.98
1.99
1.95
1.85
1.74
1.66
1.56
1.54
1.58
1.66
1.77
1.89
1.96
2.00
1.97
1.89
1.78
1.67
1.58
1.55
1.56
1.63
1.74
1.85
1.95
2.00
2.02
1.94
1.84
1.73
1.63
1.56
1.56
1.62
1.71
1.81
1.93
1.99
2.01
1.96
1.88
1.77
1.66
1.59
1.55
1.58
1.66
1.77
1.89
1.98
2.01
1.99
1.92
1.82
1.71
1.61
1.56
1.58
1.65
1.74
1.86
1.96
2.01
2.01
1.96
1.86
1.74
1.64
1.57
1.56
1.60
1.70
1.81
1.92
1.99
2.01
1.98
1.90
1.79
1.69
1.61
1.57
1.59
1.67
1.78
1.89
1.98
2.02
2.00
1.94
1.84
1.73
1.63
1.58
1.60
1.65
1.75
1.87
1.96
2.02
2.03
1.97
1.88
1.76
1.66
1.58
1.56
1.61
1.69
1.80
1.92
1.99
2.02
1.99
1.91
1.81
1.70
1.61
1.57
1.59
1.66
1.80
1.89
1.98
2.03
2.02
1.95
1.85
1.74
1.64
1.58
1.58
1.63
1.73
1.84
1.95
2.02
2.03
1.98
1.89
1.78
1.67
1.59
1.57
1.60
1.68
1.80
1.91
2.00
2.03
2.00
1.93
1.82
1.71
1.62
1.57
1.58
1.65
1.76
1.88
1.99
2.05
2.05
1.99
1.89
1.77
1.67
1.60
1.59
1.64
1.74
1.87
1.98
2.06
2.09
2.05
1.97
1.86
1.75
1.66
1.62
1.64
1.72
1.82
1.95
2.01
2.05
2.04
1.95
1.84
1.72
1.62
1.56
1.56
1.61
1.71
1.82
1.92
1.97
1.96
1.91
1.81
1.69
1.58
1.51
1.52
1.53
1.62
1.74
1.84
1.93
1.96
1.93
1.85
1.74
1.62
1.56
1.51
1.53
1.60
1.71
1.83
1.92
1.97
1.96
1.90
1.80
1.70
1.60
1.54
1.55
1.61
1.72
1.83
1.94
2.00
2.03
1.96
1.87
1.75
1.64
1.56
1.53
1.56
1.63
1.74
1.84
1.95
1.97
1.96
1.92
1.85
1.79
1.78
1.88
1.99
2.18
2.41
2.64
2.85
3.01
3.09
3.10
3.06
2.98
2.88
2.79
2.70
2.64
2.60
2.53
2.44
2.30
2.11
1.86
1.60
1.35
1.13
0.97
0.87
0.86
0.91
1.02
1.16
1.30
1.40
1.46
1.46
1.42
1.37
1.32
1.31
1.35
1.45
1.56
1.69
1.81
1.88
1.90
1.86
1.77
1.67
1.58
1.52
1.54
1.56
1.66
1.78
1.89
1.96
1.99
1.96
1.89
1.78
1.68
1.60
1.57
1.60
1.68
1.78
1.90
1.99
2.04
2.03
1.96
1.86
1.75
1.65
1.60
1.61
1.67
1.77
1.88
1.99
2.07
2.06
2.02
1.93
1.82
1.72
1.66
1.63
1.67
1.76
1.87
1.98
2.07
2.10
2.07
2.00
1.90
1.79
1.70
1.66
1.68
1.75
1.85
1.97
2.07
2.12
2.12
2.06
1.96
1.85
1.75
1.70
1.71
1.76
1.86
1.97
2.11
2.16
2.17
2.13
2.07
1.94
1.84
1.76
1.74
1.78
1.87
1.98
2.10
2.19
2.23
2.21
2.15
2.06
1.94
1.85
1.81
1.82
1.89
2.00
2.12
2.23
2.29
2.30
2.25
2.17
2.06
1.96
1.90
1.90
1.95
2.05
2.17
2.29
2.36
2.39
2.35
2.27
2.17
2.06
1.99
1.95
1.97
2.06
2.17
2.28
2.38
2.44
2.39
2.32
2.22
2.10
2.00
1.94
1.95
2.00
2.09
2.19
2.29
2.34
2.33
2.26
2.15
2.02
1.89
1.81
1.76
1.80
1.84
1.92
2.01
2.06
2.06
2.00
1.89
1.76
1.63
1.52
1.45
1.45
1.50
1.57
1.66
1.73
1.76
1.74
1.65
1.53
1.42
1.31
1.24
1.23
1.26
1.32
1.44
1.53
1.59
1.60
1.56
1.47
1.36
1.27
1.19
1.16
1.19
1.27
1.37
1.49
1.57
1.61
1.59
1.52
1.43
1.33
1.25
1.20
1.22
1.29
1.39
1.51
1.61
1.67
1.68
1.63
1.54
1.44
1.36
1.29
1.29
1.33
1.43
1.54
1.65
1.75
1.75
1.73
1.65
1.54
1.45
1.37
1.35
1.38
1.46
1.57
1.69
1.78
1.82
1.82
1.74
1.64
1.54
1.46
1.41
1.42
1.49
1.59
1.71
1.81
1.87
1.88
1.83
1.74
1.64
1.53
1.47
1.46
1.51
1.60
1.72
1.83
1.93
1.93
1.89
1.81
1.70
1.60
1.55
1.49
1.52
1.60
1.71
1.82
1.92
1.96
1.95
1.88
1.78
1.66
1.57
1.52
1.52
1.58
1.69
1.80
1.91
1.97
1.97
1.92
1.83
1.72
1.62
1.55
1.53
1.57
1.67
1.78
1.89
1.97
2.00
1.96
1.88
1.78
1.66
1.58
1.54
1.56
1.63
1.74
1.85
1.96
2.00
1.98
1.92
1.81
1.70
1.60
1.54
1.54
1.60
1.71
1.81
1.92
1.98
1.98
1.94
1.84
1.74
1.62
1.55
1.53
1.56
1.65
1.77
1.89
1.96
1.99
1.96
1.88
1.78
1.67
1.58
1.53
1.55
1.62
1.73
1.84
1.94
1.99
1.97
1.92
1.82
1.71
1.61
1.55
1.55
1.63
1.70
1.81
1.92
1.99
2.00
1.96
1.87
1.75
1.65
1.57
1.55
1.58
1.67
1.78
1.89
1.97
2.01
1.98
1.91
1.83
1.70
1.60
1.56
1.56
1.63
1.74
1.85
1.95
2.00
2.00
1.94
1.85
1.74
1.64
1.57
1.55
1.60
1.70
1.81
1.92
1.99
2.01
1.97
1.89
1.78
1.66
1.58
1.55
1.58
1.65
1.76
1.88
1.96
2.01
1.99
1.92
1.81
1.70
1.61
1.55
1.56
1.62
1.73
1.84
1.95
2.01
2.01
1.96
1.86
1.75
1.65
1.57
1.56
1.60
1.68
1.80
1.91
1.99
2.02
1.98
1.91
1.80
1.69
1.60
1.56
1.60
1.65
1.76
1.88
1.97
2.02
2.00
1.95
1.85
1.74
1.63
1.57
1.57
1.62
1.72
1.83
1.94
2.01
2.02
1.98
1.89
1.78
1.67
1.60
1.57
1.60
1.68
1.79
1.91
2.00
2.03
2.01
1.94
1.83
1.71
1.62
1.57
1.58
1.64
1.74
1.86
1.96
2.02
2.02
1.96
1.87
1.75
1.65
1.58
1.57
1.62
1.71
1.82
1.93
2.00
2.02
1.98
1.90
1.79
1.68
1.60
1.57
1.60
1.68
1.79
1.92
2.02
2.05
2.03
1.96
1.85
1.74
1.66
1.59
1.60
1.69
1.77
1.89
2.00
2.07
2.08
2.04
1.95
1.83
1.75
1.65
1.62
1.66
1.74
1.84
1.95
2.04
2.04
2.00
1.92
1.80
1.70
1.59
1.54
1.55
1.62
1.72
1.83
1.92
1.99
1.96
1.89
1.79
1.68
1.58
1.52
1.52
1.59
1.67
1.78
1.89
1.96
1.96
1.92
1.83
1.72
1.61
1.53
1.52
1.55
1.64
1.75
1.86
1.95
1.98
1.96
1.88
1.78
1.67
1.59
1.54
1.55
1.63
1.74
1.85
1.95
1.99
1.99
1.93
1.83
1.72
1.61
1.54
1.53
1.58
1.67
1.78
1.90
1.97
2.00
1.97
1.93
1.88
1.85
1.87
1.97
2.13
2.34
2.56
2.79
2.97
3.10
3.15
3.12
3.04
2.91
2.78
2.66
2.55
2.46
2.39
2.31
2.20
2.07
1.89
1.69
1.46
1.25
1.07
0.94
0.88
0.90
0.95
1.06
1.19
1.30
1.41
1.41
1.39
1.35
1.30
1.26
1.27
1.35
1.43
1.56
1.70
1.81
1.88
1.89
1.84
1.76
1.66
1.57
1.52
1.53
1.59
1.70
1.82
1.93
1.99
2.00
1.96
1.87
1.76
1.66
1.59
1.60
1.62
1.71
1.83
1.94
2.03
2.06
2.03
1.96
1.85
1.74
1.66
1.61
1.65
1.71
1.81
1.93
2.04
2.08
2.08
2.02
1.93
1.82
1.74
1.66
1.66
1.72
1.81
1.93
2.04
2.11
2.12
2.08
2.00
1.88
1.78
1.70
1.67
1.71
1.80
1.91
2.02
2.12
2.15
2.13
2.06
1.96
1.85
1.76
1.72
1.73
1.79
1.91
2.02
2.13
2.18
2.18
2.13
2.04
1.93
1.83
1.76
1.76
1.82
1.91
2.03
2.15
2.22
2.24
2.21
2.13
2.02
1.92
1.84
1.81
1.85
1.94
2.05
2.17
2.27
2.34
2.31
2.24
2.14
2.04
1.95
1.91
1.91
1.98
2.09
2.22
2.32
2.39
2.39
2.35
2.26
2.15
2.04
1.98
1.96
2.01
2.10
2.21
2.32
2.39
2.42
2.39
2.31
2.19
2.09
1.99
1.95
1.96
2.03
2.13
2.23
2.31
2.37
2.31
2.22
2.11
1.97
1.85
1.77
1.75
1.77
1.85
1.94
2.02
2.06
2.04
1.97
1.85
1.72
1.59
1.49
1.44
1.45
1.50
1.59
1.69
1.76
1.76
1.73
1.64
1.52
1.41
1.31
1.25
1.25
1.30
1.39
1.50
1.59
1.65
1.63
1.57
1.50
1.36
1.27
1.20
1.19
1.23
1.31
1.42
1.52
1.60
1.63
1.59
1.52
1.42
1.32
1.25
1.22
1.25
1.32
1.44
1.55
1.65
1.70
1.68
1.62
1.53
1.43
1.35
1.30
1.31
1.37
1.48
1.59
1.70
1.76
1.77
1.72
1.63
1.52
1.43
1.37
1.36
1.41
1.50
1.60
1.72
1.80
1.83
1.80
1.72
1.62
1.52
1.44
1.40
1.42
1.50
1.61
1.73
1.83
1.89
1.87
1.81
1.71
1.61
1.51
1.46
1.47
1.52
1.62
1.74
1.87
1.92
1.93
1.88
1.79
1.68
1.58
1.51
1.49
1.53
1.62
1.74
1.85
1.94
1.96
1.94
1.86
1.75
1.64
1.55
1.52
1.53
1.61
1.72
1.83
1.93
1.97
1.96
1.90
1.80
1.69
1.58
1.52
1.52
1.57
1.67
1.78
1.89
1.96
1.96
1.91
1.82
1.72
1.61
1.53
1.51
1.54
1.62
1.74
1.85
1.93
1.96
1.93
1.86
1.75
1.64
1.54
1.50
1.51
1.58
1.69
1.81
1.91
1.96
1.96
1.90
1.80
1.69
1.60
1.52
1.52
1.59
1.66
1.77
1.88
1.96
1.97
1.93
1.85
1.74
1.63
1.55
1.52
1.55
1.63
1.74
1.86
1.95
1.98
1.96
1.89
1.78
1.67
1.59
1.52
1.53
1.60
1.70
1.81
1.92
1.97
1.97
1.91
1.81
1.70
1.59
1.52
1.52
1.56
1.65
1.79
1.88
1.96
1.99
1.94
1.85
1.74
1.63
1.54
1.50
1.53
1.61
1.72
1.84
1.93
1.97
1.96
1.89
1.79
1.68
1.58
1.53
1.53
1.60
1.70
1.81
1.92
1.97
1.98
1.94
1.84
1.75
1.62
1.55
1.54
1.57
1.66
1.78
1.89
1.97
2.00
1.96
1.89
1.78
1.67
1.59
1.55
1.56
1.64
1.74
1.86
1.96
2.00
1.99
1.92
1.83
1.72
1.62
1.55
1.55
1.61
1.71
1.83
1.94
2.00
2.01
1.97
1.89
1.77
1.68
1.60
1.58
1.61
1.70
1.81
1.92
2.01
2.04
2.02
1.95
1.85
1.74
1.66
1.61
1.63
1.70
1.81
1.93
2.02
2.07
2.07
2.00
1.90
1.80
1.67
1.59
1.60
1.62
1.71
1.82
1.93
1.99
2.01
1.99
1.88
1.76
1.65
1.55
1.52
1.54
1.63
1.73
1.84
1.93
1.98
1.95
1.87
1.77
1.65
1.55
1.50
1.51
1.57
1.68
1.80
1.91
1.97
1.98
1.93
1.83
1.72
1.62
1.55
1.53
1.58
1.67
1.78
1.90
1.97
2.00
1.96
1.88
1.77
1.67
1.58
1.55
1.57
1.65
1.75
1.87
1.96
2.00
1.99
1.92
1.82
1.70
1.60
1.55
1.56
1.64
1.77
1.94
2.11
2.28
2.40
2.49
2.55
2.57
2.59
2.63
2.70
2.81
2.94
3.07
3.17
3.22
3.16
3.03
2.81
2.53
2.23
1.95
1.72
1.53
1.42
1.37
1.35
1.34
1.31
1.25
1.17
1.07
0.97
0.89
0.86
0.88
0.96
1.09
1.25
1.40
1.52
1.60
1.62
1.59
1.54
1.46
1.41
1.41
1.46
1.56
1.68
1.81
1.91
1.96
1.95
1.89
1.79
1.69
1.60
1.56
1.58
1.65
1.76
1.88
1.99
2.05
2.05
2.00
1.91
1.80
1.70
1.63
1.62
1.67
1.78
1.88
1.99
2.08
2.10
2.07
1.99
1.88
1.76
1.69
1.67
1.67
1.75
1.87
2.01
2.09
2.14
2.14
2.06
1.96
1.85
1.75
1.70
1.71
1.76
1.87
1.98
2.12
2.16
2.17
2.12
2.03
1.91
1.80
1.74
1.72
1.76
1.85
1.96
2.08
2.16
2.19
2.16
2.08
1.97
1.86
1.78
1.74
1.76
1.83
1.95
2.06
2.16
2.22
2.21
2.17
2.05
1.95
1.86
1.79
1.79
1.86
1.96
2.08
2.19
2.28
2.29
2.25
2.17
2.07
1.96
1.89
1.88
1.92
2.01
2.13
2.25
2.34
2.38
2.36
2.29
2.19
2.09
2.00
1.96
1.97
2.05
2.16
2.27
2.39
2.43
2.42
2.37
2.27
2.16
2.05
1.98
1.97
2.02
2.11
2.22
2.33
2.41
2.40
2.35
2.25
2.13
2.00
1.90
1.85
1.86
1.92
2.00
2.09
2.16
2.19
2.13
2.03
1.94
1.76
1.64
1.56
1.54
1.57
1.64
1.74
1.81
1.85
1.84
1.76
1.65
1.52
1.41
1.32
1.29
1.31
1.37
1.47
1.56
1.63
1.65
1.60
1.52
1.41
1.30
1.22
1.18
1.18
1.25
1.37
1.46
1.55
1.61
1.59
1.54
1.45
1.35
1.26
1.20
1.20
1.25
1.35
1.46
1.57
1.64
1.66
1.62
1.54
1.44
1.34
1.27
1.25
1.28
1.36
1.48
1.59
1.69
1.74
1.72
1.65
1.55
1.45
1.37
1.33
1.34
1.41
1.52
1.64
1.74
1.80
1.80
1.74
1.66
1.55
1.46
1.40
1.40
1.46
1.55
1.67
1.78
1.86
1.91
1.85
1.77
1.66
1.56
1.48
1.46
1.50
1.57
1.69
1.81
1.91
1.95
1.93
1.86
1.75
1.65
1.56
1.52
1.52
1.59
1.70
1.81
1.91
1.97
1.98
1.92
1.82
1.71
1.62
1.55
1.54
1.59
1.69
1.80
1.93
1.99
2.01
1.97
1.90
1.78
1.67
1.58
1.55
1.58
1.65
1.76
1.88
1.97
2.03
2.00
1.93
1.82
1.71
1.61
1.55
1.55
1.62
1.72
1.85
1.93
1.99
1.99
1.95
1.85
1.74
1.63
1.55
1.54
1.58
1.67
1.78
1.89
1.97
1.99
1.96
1.88
1.77
1.66
1.57
1.53
1.56
1.63
1.74
1.85
1.95
1.99
1.98
1.91
1.81
1.70
1.60
1.54
1.55
1.61
1.70
1.82
1.93
2.01
2.00
1.96
1.87
1.75
1.64
1.57
1.54
1.58
1.66
1.78
1.88
1.97
2.00
1.97
1.90
1.79
1.69
1.59
1.55
1.56
1.63
1.74
1.86
1.98
2.00
2.00
1.94
1.84
1.73
1.62
1.56
1.55
1.60
1.71
1.81
1.93
1.99
2.01
1.96
1.89
1.76
1.66
1.57
1.55
1.57
1.65
1.76
1.87
1.96
2.00
1.97
1.90
1.80
1.69
1.59
1.54
1.55
1.61
1.72
1.83
1.95
1.99
1.98
1.93
1.84
1.72
1.62
1.55
1.53
1.58
1.68
1.79
1.90
1.97
1.99
1.95
1.87
1.76
1.65
1.57
1.54
1.57
1.64
1.75
1.87
1.96
2.00
1.98
1.92
1.82
1.72
1.62
1.57
1.59
1.65
1.75
1.87
1.97
2.03
2.02
1.96
1.86
1.74
1.63
1.55
1.53
1.57
1.67
1.76
1.87
1.95
1.96
1.93
1.84
1.76
1.62
1.52
1.49
1.51
1.58
1.69
1.82
1.90
1.94
1.93
1.86
1.75
1.64
1.54
1.48
1.48
1.54
1.64
1.75
1.86
1.93
1.94
1.89
1.80
1.69
1.58
1.51
1.51
1.54
1.62
1.75
1.86
1.95
1.97
1.95
1.87
1.76
1.64
1.56
1.52
1.54
1.64
1.73
1.84
1.94
2.01
1.97
1.91
1.80
1.68
1.58
1.52
1.52
1.59
1.72
1.87
2.03
2.18
2.32
2.38
2.43
2.46
2.48
2.54
2.62
2.76
2.91
3.09
3.25
3.36
3.35
3.26
3.07
2.82
2.54
2.25
2.00
1.77
1.61
1.50
1.42
1.37
1.33
1.26
1.17
1.08
0.99
0.93
0.90
0.93
1.03
1.16
1.32
1.48
1.61
1.69
1.70
1.65
1.58
1.50
1.44
1.43
1.47
1.56
1.72
1.81
1.91
1.96
1.96
1.89
1.80
1.69
1.60
1.55
1.58
1.62
1.73
1.85
1.96
2.03
2.03
1.99
1.90
1.79
1.71
1.63
1.61
1.67
1.75
1.88
1.98
2.08
2.09
2.06
1.98
1.88
1.76
1.68
1.64
1.66
1.74
1.87
1.97
2.07
2.12
2.11
2.04
1.95
1.84
1.74
1.69
1.69
1.74
1.84
1.97
2.06
2.13
2.15
2.10
2.01
1.90
1.80
1.73
1.71
1.74
1.83
1.95
2.06
2.16
2.19
2.19
2.10
2.00
1.89
1.80
1.76
1.79
1.85
1.96
2.07
2.17
2.23
2.24
2.18
2.09
1.99
1.89
1.83
1.83
1.89
1.99
2.11
2.22
2.31
2.33
2.29
2.21
2.11
2.01
1.94
1.92
1.97
2.05
2.17
2.29
2.39
2.43
2.41
2.35
2.24
2.14
2.05
2.00
2.01
2.08
2.18
2.30
2.39
2.46
2.46
2.40
2.31
2.20
2.09
2.02
2.00
2.07
2.14
2.25
2.36
2.43
2.45
2.41
2.33
2.21
2.09
2.00
1.94
1.95
2.00
2.09
2.18
2.26
2.28
2.24
2.16
2.03
1.89
1.77
1.70
1.66
1.68
1.75
1.84
1.93
1.96
1.96
1.89
1.78
1.67
1.53
1.43
1.39
1.40
1.46
1.55
1.64
1.71
1.73
1.70
1.62
1.51
1.39
1.30
1.25
1.24
1.30
1.39
1.49
1.58
1.63
1.63
1.57
1.48
1.37
1.28
1.21
1.20
1.25
1.33
1.44
1.55
1.63
1.66
1.64
1.55
1.44
1.35
1.28
1.25
1.28
1.36
1.47
1.58
1.69
1.73
1.72
1.66
1.55
1.46
1.36
1.33
1.34
1.40
1.51
1.63
1.73
1.79
1.79
1.74
1.66
1.55
1.45
1.39
1.36
1.42
1.51
1.62
1.73
1.83
1.84
1.81
1.73
1.62
1.52
1.44
1.41
1.44
1.52
1.62
1.74
1.85
1.88
1.87
1.81
1.71
1.59
1.51
1.45
1.45
1.51
1.61
1.74
1.83
1.90
1.90
1.85
1.76
1.65
1.55
1.48
1.47
1.51
1.59
1.71
1.82
1.91
1.93
1.90
1.81
1.74
1.60
1.52
1.48
1.50
1.57
1.68
1.79
1.89
1.93
1.92
1.85
1.75
1.64
1.54
1.51
1.49
1.54
1.64
1.75
1.86
1.92
1.93
1.87
1.78
1.67
1.57
1.49
1.47
1.51
1.59
1.70
1.81
1.88
1.91
1.88
1.80
1.69
1.58
1.50
1.46
1.47
1.54
1.65
1.75
1.85
1.90
1.90
1.83
1.73
1.61
1.52
1.45
1.45
1.51
1.60
1.71
1.81
1.92
1.90
1.85
1.77
1.66
1.55
1.48
1.47
1.50
1.58
1.69
1.80
1.89
1.93
1.90
1.83
1.73
1.64
1.53
1.49
1.51
1.57
1.68
1.79
1.89
1.95
1.95
1.89
1.79
1.68
1.58
1.52
1.51
1.56
1.66
1.77
1.89
1.96
1.99
1.95
1.85
1.75
1.64
1.56
1.53
1.55
1.64
1.74
1.86
1.97
1.99
1.97
1.90
1.79
1.68
1.59
1.54
1.55
1.62
1.73
1.84
1.94
2.00
2.02
1.94
1.85
1.73
1.63
1.56
1.55
1.59
1.68
1.80
1.91
1.98
2.01
1.97
1.89
1.78
1.67
1.58
1.55
1.57
1.68
1.75
1.87
1.96
2.00
1.99
1.93
1.82
1.71
1.61
1.55
1.55
1.61
1.71
1.83
1.93
1.99
2.00
1.95
1.85
1.75
1.64
1.57
1.55
1.62
1.68
1.79
1.91
1.99
2.01
1.98
1.90
1.79
1.69
1.59
1.55
1.57
1.64
1.74
1.86
1.96
2.01
2.00
1.94
1.84
1.74
1.64
1.59
1.59
1.65
1.74
1.86
1.97
2.03
2.04
1.99
1.90
1.80
1.69
1.62
1.59
1.63
1.72
1.83
1.96
2.06
2.07
2.04
1.96
1.84
1.73
1.62
1.57
1.57
1.64
1.74
1.85
1.94
1.98
1.98
1.92
1.81
1.70
1.59
1.52
1.51
1.57
1.64
1.75
1.86
1.94
1.94
1.90
1.83
1.71
1.59
1.52
1.49
1.52
1.60
1.71
1.82
1.91
1.95
1.94
1.85
1.75
1.63
1.54
1.49
1.50
1.57
1.67
1.79
1.89
1.95
1.96
1.90
1.83
1.70
1.59
1.52
1.51
1.56
1.65
1.77
1.88
1.96
1.97
1.93
1.83
1.72
1.61
1.51
1.47
1.49
1.56
1.69
1.83
1.96
2.07
2.10
2.13
2.17
2.17
2.20
2.29
2.41
2.59
2.80
3.00
3.19
3.32
3.36
3.30
3.16
2.96
2.73
2.50
2.29
2.11
1.95
1.82
1.70
1.58
1.47
1.34
1.21
1.07
0.98
0.90
0.90
0.95
1.06
1.21
1.37
1.52
1.62
1.67
1.66
1.60
1.52
1.44
1.40
1.44
1.48
1.59
1.71
1.82
1.90
1.93
1.89
1.81
1.71
1.61
1.53
1.52
1.55
1.65
1.76
1.88
1.96
2.00
1.98
1.92
1.83
1.70
1.61
1.56
1.58
1.65
1.76
1.87
1.98
2.04
2.06
1.98
1.89
1.78
1.69
1.62
1.61
1.67
1.76
1.88
1.98
2.06
2.08
2.05
1.96
1.86
1.75
1.67
1.64
1.67
1.75
1.86
1.98
2.08
2.12
2.10
2.03
1.93
1.82
1.72
1.70
1.68
1.75
1.85
1.97
2.08
2.14
2.15
2.10
2.01
1.90
1.80
1.73
1.72
1.76
1.86
2.00
2.09
2.17
2.20
2.17
2.10
2.00
1.89
1.81
1.77
1.79
1.87
1.98
2.11
2.21
2.27
2.28
2.21
2.12
2.01
1.91
1.86
1.87
1.93
2.04
2.17
2.28
2.36
2.38
2.34
2.26
2.15
2.05
1.99
1.96
2.01
2.10
2.21
2.34
2.42
2.46
2.44
2.37
2.26
2.16
2.07
2.02
2.04
2.11
2.22
2.36
2.43
2.48
2.47
2.42
2.29
2.17
2.06
1.98
1.96
1.99
2.10
2.17
2.26
2.31
2.30
2.23
2.13
2.00
1.85
1.75
1.68
1.68
1.73
1.80
1.89
1.95
1.96
1.91
1.81
1.69
1.55
1.45
1.37
1.35
1.39
1.47
1.56
1.65
1.69
1.68
1.62
1.52
1.40
1.29
1.22
1.19
1.22
1.30
1.41
1.51
1.59
1.61
1.58
1.51
1.41
1.31
1.22
1.19
1.21
1.28
1.38
1.50
1.59
1.65
1.64
1.58
1.49
1.39
1.31
1.27
1.26
1.31
1.42
1.53
1.64
1.72
1.73
1.69
1.60
1.50
1.40
1.34
1.34
1.36
1.46
1.57
1.69
1.78
1.82
1.81
1.72
1.62
1.52
1.46
1.39
1.41
1.49
1.60
1.72
1.82
1.88
1.87
1.81
1.72
1.61
1.51
1.45
1.45
1.51
1.60
1.73
1.83
1.90
1.92
1.88
1.79
1.69
1.58
1.51
1.49
1.52
1.61
1.72
1.83
1.92
1.96
1.93
1.86
1.75
1.64
1.55
1.50
1.52
1.58
1.69
1.81
1.91
1.97
1.97
1.91
1.81
1.70
1.62
1.53
1.52
1.56
1.66
1.77
1.88
1.97
1.98
1.95
1.86
1.75
1.64
1.56
1.53
1.56
1.64
1.75
1.88
1.96
2.00
1.98
1.90
1.80
1.69
1.58
1.53
1.53
1.60
1.70
1.82
1.92
1.98
1.98
1.93
1.83
1.72
1.61
1.54
1.52
1.57
1.67
1.78
1.89
1.97
2.02
1.96
1.88
1.77
1.66
1.57
1.53
1.55
1.63
1.74
1.86
1.95
2.00
1.99
1.92
1.82
1.70
1.60
1.54
1.54
1.60
1.70
1.82
1.93
2.00
2.01
1.96
1.87
1.76
1.65
1.57
1.54
1.59
1.66
1.78
1.89
1.97
2.01
1.98
1.92
1.79
1.68
1.59
1.54
1.56
1.62
1.74
1.85
1.96
2.01
2.01
1.95
1.85
1.73
1.63
1.57
1.56
1.61
1.71
1.82
1.94
2.01
2.02
1.97
1.88
1.77
1.66
1.58
1.55
1.58
1.66
1.77
1.88
1.96
2.00
1.98
1.91
1.80
1.69
1.59
1.54
1.55
1.62
1.73
1.85
1.95
2.01
2.01
1.95
1.86
1.74
1.65
1.57
1.56
1.61
1.71
1.82
1.94
2.01
2.04
2.00
1.91
1.80
1.69
1.60
1.56
1.58
1.68
1.76
1.88
1.98
2.02
2.00
1.94
1.83
1.72
1.62
1.56
1.60
1.63
1.74
1.85
1.96
2.02
2.03
1.97
1.88
1.79
1.66
1.58
1.57
1.61
1.71
1.82
1.94
2.01
2.04
2.01
1.92
1.81
1.71
1.60
1.56
1.58
1.65
1.76
1.88
1.97
2.03
2.02
1.98
1.86
1.75
1.66
1.59
1.59
1.65
1.74
1.86
1.97
2.05
2.06
2.01
1.95
1.80
1.69
1.60
1.57
1.61
1.70
1.80
1.92
2.01
2.05
2.03
1.96
1.85
1.73
1.63
1.58
1.58
1.65
1.76
1.88
1.99
2.06
2.06
2.00
1.91
1.81
1.67
1.60
1.58
1.63
1.73
1.84
1.99
2.06
2.09
2.08
1.97
1.86
1.76
1.65
1.61
1.62
1.69
1.79
1.90
1.99
2.02
2.00
1.93
1.82
1.70
1.59
1.53
1.52
1.58
1.67
1.78
1.89
1.96
1.95
1.90
1.80
1.69
1.58
1.51
1.49
1.52
1.61
1.72
1.84
1.93
1.96
1.96
1.86
1.75
1.64
1.55
1.51
1.52
1.59
1.70
1.82
1.92
1.99
1.96
1.90
1.80
1.69
1.59
1.53
1.52
1.58
1.68
1.81
1.91
1.99
2.00
1.96
1.87
1.76
1.65
1.56
1.53
1.56
1.63
1.74
1.85
1.93
1.96
1.94
1.89
1.80
1.72
1.68
1.70
1.81
1.99
2.21
2.46
2.69
2.88
2.98
3.02
3.00
2.95
2.89
2.85
2.82
2.82
2.82
2.83
2.74
2.62
2.43
2.18
1.90
1.60
1.33
1.11
0.97
0.90
0.92
0.99
1.11
1.23
1.32
1.38
1.38
1.37
1.29
1.25
1.25
1.29
1.38
1.51
1.64
1.77
1.86
1.89
1.86
1.77
1.68
1.59
1.52
1.51
1.56
1.65
1.77
1.90
1.97
2.01
1.98
1.91
1.80
1.69
1.63
1.56
1.59
1.67
1.77
1.90
2.00
2.05
2.05
2.00
1.89
1.78
1.68
1.62
1.62
1.69
1.77
1.89
2.00
2.09
2.10
2.06
1.96
1.86
1.75
1.69
1.64
1.67
1.76
1.87
1.98
2.08
2.12
2.10
2.03
1.92
1.81
1.72
1.68
1.69
1.76
1.86
1.98
2.09
2.15
2.16
2.09
2.00
1.91
1.78
1.72
1.71
1.75
1.85
1.97
2.09
2.16
2.18
2.15
2.07
1.96
1.86
1.77
1.74
1.77
1.85
1.97
2.09
2.19
2.24
2.23
2.17
2.08
1.96
1.86
1.81
1.81
1.88
1.99
2.12
2.22
2.30
2.34
2.27
2.19
2.09
1.98
1.92
1.91
1.95
2.05
2.17
2.30
2.39
2.42
2.40
2.32
2.21
2.11
2.02
1.99
2.02
2.10
2.21
2.33
2.42
2.47
2.46
2.39
2.29
2.17
2.08
2.01
2.01
2.07
2.17
2.28
2.39
2.46
2.46
2.41
2.31
2.19
2.07
1.97
1.94
1.95
2.02
2.12
2.21
2.28
2.29
2.24
2.14
2.00
1.87
1.75
1.68
1.67
1.74
1.79
1.89
1.97
2.01
1.99
1.92
1.81
1.67
1.55
1.47
1.44
1.47
1.55
1.66
1.75
1.82
1.83
1.79
1.70
1.58
1.48
1.39
1.35
1.37
1.47
1.56
1.68
1.77
1.81
1.80
1.73
1.63
1.52
1.43
1.38
1.38
1.45
1.55
1.67
1.78
1.84
1.85
1.80
1.71
1.59
1.49
1.43
1.42
1.46
1.55
1.68
1.79
1.88
1.91
1.88
1.80
1.70
1.59
1.52
1.48
1.50
1.57
1.69
1.80
1.91
1.95
1.94
1.87
1.78
1.66
1.56
1.51
1.52
1.56
1.68
1.80
1.90
1.97
1.98
1.93
1.84
1.73
1.62
1.54
1.52
1.57
1.68
1.78
1.90
1.98
2.01
1.98
1.90
1.79
1.67
1.58
1.54
1.55
1.63
1.74
1.86
1.96
2.01
2.00
1.94
1.83
1.72
1.62
1.56
1.55
1.61
1.71
1.83
1.94
2.01
2.02
1.97
1.89
1.77
1.66
1.57
1.55
1.58
1.66
1.80
1.89
1.98
2.01
1.99
1.91
1.80
1.69
1.60
1.55
1.56
1.63
1.74
1.87
1.96
2.02
2.01
1.96
1.86
1.74
1.63
1.57
1.56
1.61
1.71
1.83
1.94
2.02
2.04
2.00
1.93
1.80
1.69
1.59
1.56
1.59
1.67
1.78
1.90
2.00
2.05
2.03
1.96
1.89
1.74
1.65
1.59
1.59
1.65
1.76
1.89
1.98
2.05
2.05
2.00
1.90
1.79
1.68
1.60
1.58
1.63
1.72
1.86
1.95
2.03
2.06
2.02
1.94
1.83
1.71
1.62
1.56
1.58
1.66
1.77
1.92
1.99
2.04
2.03
1.97
1.87
1.75
1.65
1.58
1.57
1.63
1.72
1.84
1.94
2.01
2.02
1.97
1.88
1.77
1.66
1.60
1.55
1.58
1.67
1.78
1.90
1.98
2.02
2.00
1.93
1.81
1.70
1.60
1.55
1.56
1.64
1.74
1.86
1.96
2.02
2.02
1.96
1.86
1.74
1.64
1.56
1.57
1.60
1.69
1.81
1.93
2.01
2.03
1.99
1.91
1.79
1.68
1.59
1.56
1.59
1.66
1.77
1.90
1.98
2.03
2.00
1.93
1.82
1.71
1.61
1.55
1.55
1.62
1.72
1.84
1.94
2.00
2.01
1.96
1.89
1.74
1.63
1.55
1.53
1.57
1.67
1.78
1.91
1.98
2.01
1.98
1.90
1.79
1.68
1.59
1.55
1.57
1.68
1.77
1.89
2.00
2.04
2.03
1.96
1.85
1.74
1.63
1.57
1.57
1.64
1.76
1.88
1.99
2.07
2.09
2.04
1.95
1.83
1.72
1.63
1.60
1.63
1.71
1.81
1.92
2.00
2.02
1.99
1.91
1.79
1.67
1.57
1.52
1.52
1.59
1.69
1.80
1.90
1.95
1.96
1.91
1.78
1.67
1.56
1.50
1.49
1.52
1.62
1.74
1.85
1.96
1.95
1.91
1.82
1.71
1.60
1.52
1.49
1.52
1.60
1.72
1.84
1.93
1.97
1.96
1.88
1.78
1.66
1.58
1.52
1.53
1.60
1.71
1.83
1.94
1.99
1.99
1.93
1.83
1.70
1.59
1.52
1.49
1.52
1.61
1.73
1.84
1.94
1.98
1.97
1.93
1.88
1.85
1.87
1.97
2.14
2.34
2.57
2.79
2.98
3.11
3.16
3.12
3.02
2.88
2.74
2.61
2.48
2.38
2.29
2.20
2.11
1.99
1.86
1.64
1.43
1.23
1.05
0.90
0.83
0.82
0.88
0.98
1.10
1.22
1.30
1.33
1.32
1.30
1.22
1.19
1.19
1.25
1.35
1.50
1.63
1.76
1.84
1.86
1.82
1.74
1.67
1.55
1.50
1.50
1.55
1.66
1.79
1.90
1.98
2.01
1.97
1.89
1.77
1.67
1.59
1.56
1.60
1.68
1.80
1.91
2.00
2.04
2.03
1.96
1.85
1.74
1.64
1.59
1.60
1.67
1.78
1.91
2.02
2.07
2.08
2.03
1.93
1.82
1.72
1.64
1.63
1.67
1.77
1.89
2.01
2.09
2.11
2.08
2.01
1.89
1.78
1.69
1.66
1.68
1.76
1.87
1.99
2.09
2.13
2.13
2.06
1.96
1.87
1.75
1.70
1.70
1.75
1.86
1.98
2.09
2.16
2.17
2.13
2.04
1.92
1.84
1.75
1.74
1.78
1.87
2.00
2.12
2.21
2.24
2.22
2.15
2.04
1.93
1.84
1.80
1.82
1.91
2.03
2.15
2.26
2.32
2.31
2.26
2.17
2.05
1.96
1.90
1.90
1.96
2.07
2.20
2.30
2.38
2.42
2.36
2.27
2.16
2.05
1.97
1.95
1.98
2.06
2.17
2.29
2.38
2.41
2.38
2.30
2.18
2.06
1.96
1.90
1.89
1.95
2.04
2.15
2.24
2.27
2.25
2.17
2.07
1.92
1.79
1.70
1.65
1.67
1.74
1.83
1.92
1.96
1.96
1.93
1.79
1.66
1.53
1.42
1.36
1.36
1.42
1.50
1.60
1.68
1.71
1.68
1.59
1.49
1.36
1.26
1.19
1.19
1.23
1.33
1.43
1.53
1.59
1.61
1.55
1.47
1.35
1.26
1.18
1.16
1.22
1.28
1.38
1.52
1.57
1.61
1.58
1.51
1.40
1.30
1.22
1.18
1.19
1.27
1.38
1.50
1.60
1.66
1.65
1.59
1.50
1.39
1.29
1.23
1.23
1.27
1.37
1.49
1.60
1.68
1.70
1.66
1.58
1.47
1.37
1.30
1.27
1.30
1.39
1.51
1.63
1.73
1.77
1.74
1.68
1.58
1.47
1.38
1.34
1.35
1.42
1.53
1.66
1.79
1.83
1.83
1.78
1.68
1.57
1.46
1.41
1.40
1.45
1.54
1.66
1.77
1.86
1.89
1.84
1.76
1.65
1.54
1.46
1.44
1.47
1.55
1.66
1.78
1.88
1.93
1.91
1.84
1.74
1.63
1.53
1.48
1.49
1.55
1.66
1.77
1.88
1.95
1.95
1.90
1.80
1.69
1.58
1.52
1.49
1.54
1.63
1.75
1.87
1.95
1.98
1.96
1.86
1.75
1.64
1.55
1.51
1.53
1.61
1.72
1.84
1.94
1.99
1.97
1.91
1.80
1.69
1.59
1.53
1.56
1.59
1.70
1.82
1.93
1.99
2.01
1.98
1.86
1.75
1.64
1.56
1.54
1.58
1.70
1.79
1.91
2.02
2.03
2.00
1.93
1.82
1.71
1.62
1.57
1.59
1.67
1.77
1.90
2.00
2.05
2.05
1.98
1.88
1.76
1.66
1.60
1.58
1.64
1.74
1.86
1.96
2.04
2.05
2.01
1.92
1.80
1.69
1.60
1.57
1.60
1.69
1.80
1.92
2.01
2.05
2.04
1.96
1.86
1.74
1.64
1.58
1.59
1.65
1.75
1.87
1.97
2.04
2.04
1.99
1.90
1.78
1.67
1.60
1.60
1.62
1.71
1.83
1.94
2.02
2.04
2.01
1.93
1.84
1.71
1.61
1.57
1.59
1.67
1.78
1.90
2.00
2.05
2.03
1.97
1.87
1.75
1.64
1.58
1.58
1.64
1.74
1.87
1.98
2.06
2.08
2.03
1.94
1.82
1.71
1.64
1.60
1.63
1.73
1.84
1.96
2.05
2.10
2.08
2.00
1.90
1.78
1.69
1.63
1.64
1.70
1.80
1.91
2.01
2.06
2.05
1.99
1.88
1.76
1.65
1.57
1.56
1.60
1.69
1.80
1.91
2.01
1.99
1.95
1.87
1.74
1.63
1.54
1.50
1.52
1.60
1.71
1.83
1.92
1.96
1.95
1.88
1.77
1.66
1.56
1.50
1.51
1.57
1.68
1.81
1.91
1.97
1.97
1.92
1.83
1.72
1.61
1.53
1.52
1.56
1.65
1.77
1.89
1.97
2.00
1.97
1.89
1.77
1.66
1.56
1.52
1.54
1.61
1.73
1.84
1.94
1.99
1.98
1.92
1.83
1.74
1.67
1.67
1.74
1.91
2.13
2.39
2.61
2.81
2.94
3.00
2.99
2.95
2.88
2.83
2.80
2.81
2.83
2.83
2.78
2.67
2.51
2.29
2.03
1.74
1.47
1.23
1.06
0.96
0.94
0.98
1.06
1.13
1.21
1.24
1.23
1.18
1.13
1.09
1.08
1.12
1.22
1.35
1.51
1.66
1.76
1.82
1.81
1.75
1.68
1.56
1.49
1.50
1.52
1.61
1.74
1.85
1.95
1.99
1.98
1.91
1.81
1.70
1.60
1.55
1.57
1.64
1.75
1.88
1.98
2.04
2.04
1.99
1.91
1.77
1.67
1.60
1.58
1.64
1.73
1.85
1.96
2.05
2.07
2.04
1.96
1.84
1.73
1.63
1.60
1.63
1.72
1.84
1.96
2.06
2.11
2.09
2.03
1.93
1.81
1.71
1.66
1.66
1.72
1.82
1.95
2.05
2.12
2.13
2.09
1.98
1.87
1.78
1.69
1.67
1.72
1.82
1.93
2.04
2.14
2.17
2.14
2.06
1.95
1.84
1.75
1.72
1.73
1.81
1.93
2.05
2.15
2.21
2.21
2.14
2.04
1.93
1.83
1.77
1.78
1.84
1.95
2.08
2.19
2.27
2.29
2.26
2.17
2.05
1.95
1.87
1.85
1.89
1.99
2.11
2.24
2.33
2.37
2.35
2.28
2.18
2.06
1.97
1.92
1.94
2.01
2.12
2.24
2.34
2.39
2.39
2.32
2.22
2.10
1.99
1.92
1.90
1.95
2.03
2.15
2.24
2.31
2.32
2.27
2.16
2.03
1.90
1.79
1.74
1.74
1.81
1.88
1.97
2.04
2.06
2.02
1.92
1.79
1.65
1.52
1.45
1.43
1.47
1.54
1.64
1.73
1.77
1.76
1.70
1.58
1.46
1.34
1.26
1.23
1.25
1.32
1.44
1.53
1.61
1.64
1.61
1.52
1.41
1.30
1.22
1.17
1.19
1.28
1.36
1.48
1.57
1.63
1.63
1.57
1.48
1.38
1.28
1.22
1.21
1.27
1.37
1.49
1.63
1.68
1.70
1.68
1.57
1.47
1.37
1.30
1.27
1.31
1.40
1.52
1.64
1.74
1.76
1.75
1.68
1.57
1.47
1.38
1.34
1.37
1.43
1.54
1.66
1.77
1.83
1.83
1.80
1.68
1.57
1.47
1.41
1.40
1.45
1.56
1.68
1.80
1.88
1.90
1.86
1.78
1.67
1.55
1.47
1.45
1.48
1.57
1.68
1.81
1.90
1.95
1.93
1.85
1.74
1.65
1.53
1.48
1.49
1.57
1.67
1.79
1.92
1.96
1.96
1.91
1.81
1.70
1.59
1.52
1.52
1.56
1.66
1.78
1.89
1.97
1.99
1.96
1.86
1.75
1.64
1.55
1.52
1.53
1.62
1.73
1.85
1.95
1.99
1.97
1.90
1.80
1.68
1.58
1.52
1.52
1.59
1.69
1.81
1.92
1.98
1.99
1.94
1.84
1.73
1.61
1.55
1.52
1.56
1.65
1.77
1.89
1.97
1.99
1.96
1.87
1.76
1.65
1.56
1.52
1.54
1.62
1.74
1.86
1.96
2.00
1.99
1.93
1.82
1.70
1.62
1.54
1.54
1.60
1.70
1.82
1.93
1.99
2.00
1.96
1.86
1.74
1.63
1.55
1.53
1.57
1.66
1.78
1.89
1.98
2.01
2.01
1.90
1.78
1.68
1.58
1.53
1.55
1.62
1.74
1.85
1.95
2.01
2.00
1.95
1.83
1.72
1.61
1.54
1.53
1.59
1.70
1.81
1.92
1.99
2.01
1.96
1.87
1.75
1.64
1.56
1.53
1.56
1.66
1.77
1.89
1.97
2.00
1.98
1.90
1.79
1.68
1.58
1.53
1.54
1.61
1.72
1.83
1.94
2.00
2.00
1.94
1.84
1.72
1.62
1.55
1.53
1.58
1.68
1.79
1.91
1.98
2.01
1.96
1.88
1.77
1.66
1.57
1.54
1.56
1.64
1.75
1.88
1.97
2.02
2.00
1.93
1.82
1.71
1.63
1.55
1.55
1.64
1.72
1.84
1.94
2.01
2.01
1.96
1.86
1.74
1.63
1.57
1.53
1.58
1.67
1.79
1.90
1.99
2.04
1.98
1.90
1.79
1.68
1.59
1.55
1.56
1.64
1.75
1.88
1.98
2.04
2.04
1.97
1.87
1.75
1.65
1.58
1.60
1.63
1.74
1.86
1.98
2.06
2.08
2.03
1.94
1.83
1.73
1.63
1.60
1.63
1.71
1.82
1.94
2.03
2.04
2.02
1.93
1.81
1.70
1.59
1.54
1.55
1.61
1.72
1.83
1.94
1.98
1.98
1.92
1.81
1.70
1.58
1.52
1.50
1.54
1.64
1.77
1.87
1.95
1.97
1.93
1.84
1.74
1.62
1.53
1.50
1.54
1.61
1.73
1.85
1.95
1.98
1.97
1.90
1.79
1.68
1.57
1.53
1.53
1.60
1.72
1.83
1.94
1.99
2.01
1.95
1.85
1.73
1.62
1.54
1.52
1.55
1.64
1.75
1.87
1.95
1.97
1.96
1.89
1.80
1.73
1.71
1.75
1.88
2.08
2.34
2.56
2.78
2.95
3.04
3.07
3.04
2.97
2.91
2.86
2.83
2.81
2.80
2.76
2.70
2.55
2.35
2.08
1.78
1.49
1.24
1.03
0.89
0.88
0.89
0.98
1.10
1.22
1.31
1.36
1.34
1.30
1.28
1.22
1.22
1.28
1.38
1.51
1.65
1.77
1.85
1.87
1.83
1.76
1.63
1.54
1.48
1.48
1.53
1.64
1.76
1.90
1.96
1.98
1.96
1.86
1.75
1.64
1.57
1.54
1.57
1.66
1.78
1.90
1.99
2.03
2.01
1.96
1.83
1.72
1.63
1.58
1.59
1.66
1.80
1.90
2.00
2.07
2.08
2.03
1.93
1.81
1.71
1.63
1.62
1.66
1.76
1.88
1.99
2.07
2.10
2.07
1.99
1.87
1.76
1.67
1.65
1.66
1.74
1.86
1.98
2.08
2.13
2.11
2.04
1.94
1.83
1.73
1.67
1.67
1.74
1.86
1.96
2.08
2.15
2.16
2.11
2.02
1.91
1.80
1.73
1.72
1.76
1.85
1.98
2.09
2.18
2.21
2.19
2.11
2.01
1.90
1.81
1.77
1.80
1.89
2.01
2.14
2.24
2.30
2.30
2.24
2.14
2.02
1.93
1.87
1.87
1.94
2.05
2.17
2.29
2.37
2.39
2.35
2.26
2.15
2.03
1.96
1.93
1.96
2.05
2.17
2.28
2.37
2.41
2.38
2.30
2.19
2.07
1.97
1.92
1.94
1.99
2.09
2.20
2.29
2.34
2.33
2.24
2.13
1.99
1.87
1.77
1.74
1.76
1.86
1.94
2.02
2.07
2.07
2.00
1.90
1.75
1.62
1.52
1.45
1.45
1.50
1.58
1.68
1.75
1.77
1.74
1.66
1.55
1.42
1.31
1.24
1.24
1.28
1.36
1.47
1.56
1.63
1.63
1.58
1.48
1.37
1.27
1.19
1.16
1.22
1.28
1.39
1.51
1.59
1.63
1.61
1.56
1.44
1.32
1.25
1.21
1.23
1.30
1.41
1.53
1.64
1.70
1.70
1.64
1.54
1.46
1.35
1.29
1.29
1.34
1.44
1.56
1.68
1.76
1.78
1.75
1.66
1.56
1.46
1.40
1.36
1.39
1.48
1.59
1.72
1.81
1.85
1.83
1.76
1.68
1.54
1.46
1.41
1.43
1.50
1.60
1.73
1.85
1.90
1.90
1.85
1.74
1.63
1.52
1.46
1.45
1.50
1.59
1.72
1.83
1.91
1.94
1.90
1.82
1.71
1.59
1.51
1.48
1.51
1.59
1.72
1.83
1.93
1.97
1.95
1.88
1.76
1.67
1.56
1.51
1.52
1.58
1.68
1.80
1.91
1.97
1.98
1.93
1.82
1.71
1.60
1.53
1.51
1.56
1.65
1.77
1.88
1.96
1.98
1.96
1.86
1.74
1.64
1.54
1.51
1.53
1.62
1.72
1.84
1.95
1.98
1.96
1.90
1.79
1.68
1.57
1.52
1.52
1.58
1.69
1.80
1.91
1.97
1.98
1.93
1.84
1.72
1.61
1.53
1.50
1.57
1.64
1.75
1.87
1.96
1.99
1.96
1.88
1.77
1.66
1.57
1.52
1.54
1.62
1.73
1.84
1.95
2.02
1.99
1.93
1.83
1.71
1.60
1.54
1.53
1.58
1.69
1.80
1.91
1.98
2.00
1.96
1.86
1.75
1.64
1.56
1.53
1.56
1.65
1.76
1.88
1.97
2.01
1.98
1.91
1.79
1.68
1.58
1.53
1.54
1.61
1.73
1.84
1.94
2.00
2.00
1.94
1.84
1.72
1.62
1.55
1.54
1.58
1.68
1.80
1.91
1.99
2.01
1.96
1.88
1.76
1.65
1.56
1.53
1.56
1.64
1.75
1.87
1.96
2.01
1.99
1.92
1.81
1.70
1.60
1.54
1.55
1.61
1.72
1.84
1.95
2.01
2.01
1.95
1.86
1.74
1.64
1.56
1.55
1.59
1.68
1.80
1.92
2.00
2.02
1.99
1.91
1.79
1.69
1.58
1.54
1.56
1.64
1.75
1.87
1.97
2.01
2.00
1.94
1.83
1.72
1.61
1.57
1.55
1.61
1.72
1.83
1.94
2.01
2.03
1.97
1.88
1.77
1.66
1.58
1.55
1.58
1.67
1.78
1.90
1.99
2.02
2.00
1.91
1.80
1.69
1.59
1.54
1.57
1.62
1.73
1.85
1.96
2.01
2.01
1.95
1.85
1.73
1.63
1.56
1.55
1.60
1.73
1.81
1.93
2.00
2.05
1.97
1.89
1.77
1.66
1.58
1.55
1.57
1.66
1.77
1.89
1.98
2.03
2.02
1.95
1.85
1.73
1.64
1.59
1.59
1.68
1.75
1.87
1.97
2.04
2.04
1.99
1.90
1.79
1.69
1.62
1.61
1.66
1.74
1.89
1.98
2.06
2.08
2.03
1.94
1.82
1.70
1.60
1.56
1.57
1.65
1.75
1.86
1.96
2.00
1.98
1.91
1.79
1.68
1.57
1.51
1.50
1.55
1.65
1.77
1.88
1.94
1.96
1.90
1.81
1.68
1.58
1.51
1.49
1.52
1.61
1.73
1.85
1.95
1.97
1.94
1.85
1.75
1.64
1.55
1.51
1.53
1.60
1.72
1.84
1.94
1.99
1.99
1.93
1.83
1.74
1.61
1.55
1.54
1.62
1.70
1.81
1.91
1.98
1.98
1.93
1.83
1.71
1.59
1.52
1.52
1.58
1.71
1.88
2.08
2.27
2.43
2.55
2.60
2.61
2.62
2.63
2.68
2.77
2.91
3.03
3.14
3.21
3.16
3.04
2.83
2.56
2.26
1.95
1.67
1.44
1.29
1.22
1.20
1.21
1.23
1.23
1.21
1.16
1.09
1.05
1.03
1.05
1.13
1.25
1.41
1.57
1.70
1.77
1.79
1.75
1.66
1.57
1.49
1.44
1.46
1.53
1.64
1.76
1.88
1.95
1.96
1.92
1.82
1.72
1.61
1.55
1.53
1.58
1.68
1.80
1.92
2.00
2.03
2.00
1.92
1.81
1.70
1.61
1.57
1.60
1.68
1.80
1.92
2.02
2.07
2.07
1.99
1.89
1.77
1.67
1.62
1.64
1.68
1.78
1.90
2.02
2.09
2.10
2.05
1.96
1.84
1.74
1.66
1.63
1.68
1.76
1.88
2.02
2.09
2.13
2.10
2.03
1.92
1.80
1.71
1.67
1.71
1.75
1.86
1.99
2.09
2.15
2.15
2.11
1.99
1.88
1.78
1.72
1.72
1.76
1.90
2.00
2.12
2.19
2.21
2.18
2.10
1.98
1.88
1.79
1.76
1.80
1.89
2.01
2.13
2.22
2.27
2.25
2.19
2.09
1.98
1.89
1.84
1.86
1.93
2.04
2.17
2.28
2.35
2.36
2.31
2.21
2.10
1.99
1.92
1.91
1.96
2.07
2.18
2.29
2.38
2.42
2.36
2.28
2.17
2.05
1.96
1.93
1.95
2.02
2.14
2.24
2.34
2.38
2.36
2.31
2.17
2.04
1.93
1.87
1.85
1.89
1.97
2.08
2.16
2.20
2.18
2.11
1.99
1.86
1.72
1.62
1.56
1.58
1.64
1.73
1.82
1.88
1.88
1.82
1.75
1.60
1.47
1.36
1.31
1.30
1.35
1.44
1.54
1.63
1.69
1.66
1.59
1.49
1.37
1.26
1.19
1.18
1.22
1.31
1.45
1.53
1.60
1.63
1.58
1.50
1.43
1.30
1.22
1.18
1.21
1.30
1.41
1.53
1.61
1.66
1.65
1.58
1.48
1.37
1.29
1.24
1.25
1.32
1.43
1.55
1.66
1.72
1.73
1.68
1.59
1.51
1.38
1.32
1.31
1.36
1.45
1.57
1.69
1.77
1.80
1.77
1.68
1.58
1.48
1.39
1.35
1.38
1.47
1.57
1.69
1.79
1.83
1.82
1.76
1.65
1.54
1.45
1.39
1.39
1.45
1.55
1.69
1.78
1.85
1.87
1.82
1.73
1.61
1.51
1.44
1.42
1.46
1.57
1.66
1.78
1.87
1.89
1.86
1.77
1.69
1.55
1.47
1.42
1.48
1.52
1.64
1.75
1.85
1.90
1.89
1.85
1.72
1.60
1.51
1.44
1.44
1.50
1.60
1.72
1.83
1.90
1.91
1.86
1.79
1.65
1.54
1.46
1.43
1.47
1.55
1.67
1.78
1.87
1.91
1.88
1.80
1.70
1.58
1.49
1.44
1.45
1.52
1.63
1.74
1.84
1.90
1.88
1.81
1.72
1.60
1.50
1.43
1.43
1.49
1.58
1.70
1.81
1.88
1.90
1.86
1.77
1.66
1.55
1.47
1.43
1.48
1.55
1.67
1.78
1.88
1.91
1.89
1.82
1.71
1.59
1.51
1.48
1.47
1.54
1.65
1.78
1.88
1.95
1.95
1.89
1.79
1.68
1.60
1.51
1.50
1.56
1.64
1.75
1.86
1.95
1.97
1.93
1.87
1.73
1.62
1.53
1.51
1.53
1.61
1.73
1.87
1.95
1.99
1.97
1.90
1.79
1.69
1.59
1.53
1.54
1.60
1.71
1.83
1.95
2.00
2.01
1.96
1.89
1.74
1.64
1.59
1.55
1.59
1.69
1.80
1.92
2.01
2.03
2.00
1.92
1.81
1.70
1.61
1.57
1.60
1.68
1.79
1.91
2.01
2.06
2.05
1.98
1.88
1.76
1.66
1.60
1.60
1.66
1.76
1.89
2.00
2.08
2.09
2.05
1.96
1.85
1.74
1.66
1.63
1.67
1.76
1.88
2.00
2.09
2.12
2.10
2.02
1.91
1.82
1.70
1.66
1.68
1.74
1.85
1.97
2.08
2.14
2.14
2.09
1.98
1.87
1.76
1.70
1.68
1.73
1.82
1.95
2.05
2.13
2.15
2.11
2.04
1.91
1.79
1.71
1.67
1.69
1.77
1.91
2.00
2.10
2.14
2.12
2.04
1.96
1.82
1.72
1.67
1.67
1.74
1.84
1.96
2.06
2.13
2.14
2.08
1.98
1.86
1.75
1.68
1.66
1.70
1.79
1.90
2.02
2.10
2.13
2.10
2.01
1.90
1.79
1.70
1.65
1.67
1.75
1.86
1.97
2.07
2.12
2.11
2.04
1.94
1.82
1.71
1.65
1.64
1.70
1.81
1.93
2.05
2.12
2.15
2.09
2.00
1.88
1.76
1.68
1.65
1.69
1.76
1.89
2.01
2.11
2.15
2.13
2.05
1.95
1.83
1.73
1.68
1.68
1.74
1.85
1.96
2.06
2.11
2.10
2.05
1.92
1.80
1.68
1.60
1.58
1.64
1.71
1.83
1.94
2.01
2.02
1.99
1.89
1.78
1.66
1.57
1.53
1.56
1.63
1.74
1.86
1.95
2.01
1.97
1.90
1.80
1.68
1.58
1.52
1.52
1.59
1.69
1.84
1.92
1.98
1.99
1.94
1.84
1.73
1.62
1.53
1.52
1.55
1.64
1.76
1.88
1.96
1.99
1.95
1.86
1.75
1.63
1.53
1.49
1.50
1.56
1.67
1.78
1.88
1.94
1.95
1.91
1.84
1.78
1.76
1.81
1.94
2.12
2.35
2.58
2.80
2.99
3.06
3.08
3.03
2.94
2.83
2.70
2.60
2.51
2.45
2.38
2.30
2.17
1.99
1.78
1.54
1.31
1.10
0.93
0.83
0.80
0.85
0.96
1.10
1.25
1.37
1.44
1.45
1.43
1.34
1.28
1.25
1.27
1.34
1.46
1.58
1.71
1.80
1.84
1.81
1.73
1.63
1.53
1.45
1.42
1.46
1.54
1.66
1.78
1.88
1.93
1.91
1.85
1.74
1.63
1.54
1.50
1.53
1.57
1.68
1.80
1.91
1.97
1.97
1.92
1.83
1.72
1.61
1.54
1.53
1.57
1.67
1.79
1.92
2.00
2.03
2.00
1.93
1.82
1.71
1.62
1.58
1.61
1.69
1.81
1.93
2.03
2.08
2.07
2.00
1.93
1.79
1.69
1.64
1.64
1.70
1.81
1.93
2.04
2.11
2.13
2.08
1.98
1.88
1.76
1.69
1.67
1.73
1.80
1.92
2.04
2.14
2.17
2.15
2.10
1.97
1.86
1.76
1.73
1.75
1.83
1.95
2.08
2.18
2.25
2.24
2.18
2.09
1.97
1.88
1.82
1.83
1.88
1.98
2.10
2.22
2.30
2.33
2.29
2.20
2.10
2.00
1.92
1.90
1.94
2.03
2.15
2.27
2.37
2.41
2.39
2.32
2.21
2.10
2.00
1.95
1.96
2.03
2.14
2.26
2.37
2.42
2.42
2.36
2.26
2.14
2.03
1.97
1.93
1.97
2.05
2.17
2.28
2.35
2.36
2.31
2.21
2.08
1.96
1.85
1.79
1.81
1.86
1.95
2.05
2.13
2.14
2.10
1.99
1.87
1.72
1.60
1.52
1.49
1.52
1.61
1.71
1.79
1.83
1.83
1.76
1.65
1.52
1.42
1.32
1.29
1.32
1.39
1.50
1.60
1.71
1.71
1.68
1.60
1.49
1.37
1.28
1.23
1.24
1.31
1.41
1.53
1.63
1.69
1.72
1.63
1.53
1.43
1.32
1.27
1.27
1.33
1.42
1.54
1.65
1.74
1.75
1.71
1.62
1.52
1.42
1.34
1.32
1.35
1.44
1.56
1.67
1.77
1.81
1.79
1.71
1.60
1.49
1.43
1.36
1.38
1.45
1.56
1.69
1.79
1.86
1.86
1.80
1.71
1.59
1.50
1.43
1.44
1.48
1.58
1.70
1.82
1.90
1.92
1.89
1.79
1.69
1.60
1.49
1.46
1.49
1.57
1.69
1.80
1.90
1.94
1.92
1.85
1.75
1.64
1.55
1.49
1.50
1.56
1.67
1.79
1.90
1.96
1.96
1.91
1.81
1.70
1.58
1.52
1.51
1.55
1.65
1.76
1.88
1.96
1.98
1.95
1.87
1.74
1.63
1.55
1.51
1.53
1.62
1.74
1.85
1.95
2.00
1.98
1.92
1.80
1.69
1.59
1.53
1.53
1.59
1.69
1.81
1.93
1.98
1.99
1.94
1.84
1.73
1.62
1.54
1.52
1.55
1.64
1.77
1.87
1.96
1.98
1.96
1.86
1.75
1.63
1.55
1.51
1.52
1.60
1.71
1.83
1.92
1.98
1.96
1.89
1.78
1.66
1.56
1.50
1.50
1.55
1.66
1.78
1.89
1.96
1.96
1.93
1.81
1.69
1.58
1.50
1.47
1.50
1.59
1.71
1.83
1.92
1.96
1.93
1.85
1.74
1.62
1.52
1.48
1.50
1.56
1.67
1.79
1.89
1.95
1.94
1.87
1.77
1.66
1.55
1.49
1.47
1.52
1.62
1.74
1.86
1.93
1.95
1.91
1.82
1.70
1.59
1.51
1.47
1.50
1.58
1.70
1.82
1.91
1.95
1.94
1.86
1.75
1.67
1.54
1.49
1.50
1.56
1.67
1.80
1.90
1.96
1.96
1.91
1.81
1.69
1.59
1.52
1.50
1.55
1.65
1.76
1.89
1.96
1.99
1.96
1.87
1.75
1.63
1.54
1.50
1.54
1.60
1.71
1.83
1.93
1.98
1.96
1.89
1.78
1.67
1.56
1.51
1.52
1.58
1.69
1.81
1.93
1.99
2.00
1.95
1.85
1.73
1.62
1.54
1.52
1.56
1.65
1.78
1.89
1.98
2.01
1.98
1.90
1.79
1.67
1.58
1.54
1.57
1.64
1.75
1.87
1.96
2.02
2.01
1.95
1.83
1.72
1.61
1.54
1.55
1.61
1.71
1.86
1.96
2.03
2.05
2.01
1.91
1.80
1.68
1.60
1.56
1.60
1.69
1.81
1.93
2.03
2.07
2.05
1.98
1.88
1.76
1.67
1.62
1.64
1.70
1.80
1.93
2.02
2.07
2.06
1.99
1.89
1.77
1.65
1.57
1.56
1.59
1.69
1.80
1.92
1.98
2.00
1.96
1.87
1.74
1.65
1.53
1.50
1.52
1.60
1.72
1.84
1.94
1.98
1.97
1.90
1.80
1.68
1.58
1.53
1.52
1.59
1.70
1.82
1.93
1.99
2.00
1.95
1.85
1.75
1.63
1.56
1.54
1.58
1.68
1.80
1.92
2.00
2.03
2.03
1.92
1.80
1.69
1.59
1.54
1.56
1.63
1.74
1.86
1.96
2.02
2.02
2.00
1.90
1.83
1.79
1.82
1.93
2.12
2.34
2.58
2.80
2.97
3.08
3.11
3.08
3.00
2.90
2.79
2.71
2.65
2.60
2.55
2.47
2.37
2.22
2.02
1.81
1.55
1.32
1.13
1.01
0.95
0.95
1.03
1.15
1.27
1.37
1.42
1.43
1.40
1.32
1.28
1.26
1.29
1.36
1.50
1.67
1.78
1.89
1.94
1.93
1.84
1.74
1.64
1.56
1.53
1.57
1.66
1.78
1.92
2.02
2.08
2.07
2.00
1.90
1.79
1.70
1.63
1.63
1.70
1.81
1.93
2.05
2.12
2.13
2.09
1.99
1.88
1.78
1.72
1.69
1.73
1.82
1.94
2.06
2.15
2.19
2.16
2.08
1.96
1.86
1.76
1.73
1.76
1.82
1.93
2.05
2.16
2.21
2.20
2.17
2.04
1.92
1.82
1.75
1.74
1.83
1.90
2.02
2.14
2.20
2.22
2.17
2.08
1.96
1.85
1.78
1.74
1.77
1.86
1.99
2.11
2.20
2.24
2.22
2.15
2.04
1.93
1.83
1.79
1.80
1.88
1.98
2.11
2.22
2.29
2.30
2.24
2.15
2.03
1.93
1.86
1.86
1.94
2.01
2.14
2.26
2.33
2.36
2.32
2.24
2.13
2.02
1.94
1.91
1.94
2.03
2.17
2.27
2.37
2.42
2.40
2.33
2.22
2.11
2.00
1.95
1.95
2.01
2.12
2.24
2.34
2.41
2.41
2.36
2.25
2.14
2.02
1.95
1.92
1.96
2.05
2.16
2.26
2.33
2.35
2.30
2.19
2.07
1.93
1.82
1.75
1.75
1.81
1.90
2.00
2.07
2.10
2.07
1.97
1.85
1.73
1.59
1.51
1.48
1.51
1.58
1.69
1.78
1.83
1.82
1.76
1.65
1.52
1.40
1.31
1.27
1.29
1.35
1.46
1.57
1.65
1.68
1.65
1.57
1.47
1.38
1.26
1.21
1.22
1.29
1.39
1.51
1.63
1.67
1.68
1.62
1.53
1.42
1.33
1.27
1.26
1.31
1.41
1.52
1.65
1.73
1.76
1.72
1.64
1.52
1.43
1.34
1.31
1.34
1.42
1.54
1.67
1.76
1.81
1.80
1.74
1.66
1.52
1.44
1.39
1.41
1.47
1.57
1.71
1.80
1.87
1.87
1.81
1.72
1.61
1.51
1.43
1.42
1.46
1.56
1.69
1.80
1.89
1.92
1.88
1.80
1.69
1.58
1.50
1.47
1.48
1.56
1.67
1.79
1.89
1.93
1.92
1.85
1.74
1.63
1.53
1.47
1.46
1.53
1.64
1.76
1.87
1.96
1.95
1.90
1.80
1.68
1.57
1.49
1.47
1.51
1.59
1.71
1.83
1.92
1.95
1.92
1.83
1.73
1.60
1.52
1.47
1.49
1.57
1.68
1.80
1.91
1.96
1.95
1.88
1.78
1.66
1.55
1.50
1.51
1.55
1.65
1.78
1.88
1.96
1.96
1.92
1.82
1.71
1.59
1.54
1.49
1.52
1.61
1.73
1.85
1.93
1.97
1.95
1.86
1.75
1.65
1.54
1.49
1.51
1.57
1.69
1.80
1.91
1.96
1.96
1.90
1.79
1.68
1.57
1.51
1.50
1.55
1.64
1.76
1.88
1.96
1.97
1.93
1.84
1.73
1.62
1.53
1.51
1.53
1.62
1.74
1.86
1.96
1.99
1.96
1.88
1.78
1.66
1.57
1.53
1.53
1.60
1.70
1.83
1.94
2.02
2.00
1.94
1.85
1.73
1.62
1.55
1.53
1.58
1.68
1.80
1.92
2.00
2.03
1.99
1.90
1.79
1.68
1.59
1.55
1.58
1.66
1.77
1.89
1.99
2.04
2.02
1.96
1.85
1.74
1.63
1.57
1.57
1.64
1.74
1.86
1.97
2.04
2.05
2.00
1.92
1.78
1.68
1.60
1.58
1.62
1.71
1.82
1.94
2.02
2.05
2.02
1.94
1.83
1.71
1.62
1.57
1.59
1.67
1.78
1.90
2.02
2.05
2.04
1.98
1.88
1.76
1.65
1.59
1.58
1.64
1.74
1.86
1.97
2.04
2.06
2.01
1.92
1.80
1.69
1.61
1.58
1.62
1.71
1.84
1.96
2.05
2.08
2.05
1.97
1.86
1.74
1.65
1.60
1.61
1.69
1.83
1.93
2.04
2.10
2.10
2.04
1.93
1.81
1.69
1.61
1.59
1.63
1.72
1.83
1.95
2.01
2.03
1.97
1.89
1.77
1.65
1.55
1.51
1.53
1.60
1.71
1.81
1.91
1.95
1.94
1.86
1.77
1.64
1.54
1.48
1.48
1.54
1.65
1.76
1.88
1.95
1.95
1.93
1.80
1.69
1.60
1.51
1.49
1.52
1.62
1.74
1.86
1.96
1.98
1.95
1.87
1.76
1.64
1.55
1.52
1.53
1.61
1.72
1.84
1.93
1.98
1.96
1.89
1.78
1.66
1.55
1.49
1.48
1.54
1.67
1.81
1.96
2.09
2.19
2.25
2.28
2.30
2.32
2.37
2.46
2.59
2.76
2.95
3.11
3.22
3.25
3.18
3.03
2.79
2.53
2.29
2.03
1.83
1.67
1.56
1.49
1.44
1.37
1.30
1.21
1.10
1.00
0.93
0.89
0.91
1.04
1.15
1.31
1.50
1.61
1.69
1.69
1.64
1.56
1.48
1.42
1.40
1.44
1.53
1.65
1.78
1.88
1.94
1.93
1.86
1.76
1.65
1.56
1.52
1.52
1.60
1.71
1.83
1.96
2.01
2.02
1.97
1.87
1.76
1.65
1.58
1.56
1.61
1.71
1.83
1.95
2.04
2.07
2.03
1.95
1.84
1.73
1.64
1.60
1.62
1.71
1.83
1.94
2.04
2.09
2.08
2.01
1.90
1.79
1.69
1.63
1.63
1.69
1.80
1.92
2.03
2.11
2.12
2.07
1.98
1.87
1.75
1.67
1.65
1.70
1.77
1.89
2.04
2.11
2.15
2.13
2.05
1.95
1.82
1.76
1.70
1.71
1.79
1.90
2.02
2.14
2.18
2.18
2.13
2.03
1.92
1.82
1.76
1.76
1.81
1.91
2.04
2.16
2.23
2.26
2.22
2.13
2.02
1.92
1.83
1.81
1.85
1.95
2.06
2.18
2.28
2.33
2.31
2.24
2.14
2.03
1.94
1.88
1.90
1.96
2.08
2.20
2.31
2.37
2.37
2.32
2.22
2.11
1.99
1.92
1.90
1.95
2.04
2.16
2.27
2.35
2.37
2.33
2.23
2.11
1.99
1.89
1.84
1.85
1.93
2.02
2.13
2.20
2.23
2.19
2.11
1.97
1.85
1.72
1.64
1.61
1.65
1.73
1.83
1.91
1.96
1.95
1.87
1.76
1.62
1.50
1.41
1.37
1.39
1.46
1.55
1.66
1.74
1.75
1.72
1.63
1.52
1.40
1.30
1.25
1.28
1.32
1.42
1.53
1.63
1.69
1.68
1.61
1.52
1.41
1.31
1.27
1.24
1.29
1.39
1.50
1.61
1.69
1.71
1.67
1.59
1.49
1.38
1.31
1.29
1.32
1.41
1.53
1.66
1.75
1.79
1.78
1.70
1.60
1.50
1.40
1.35
1.36
1.43
1.54
1.67
1.78
1.84
1.84
1.78
1.69
1.57
1.47
1.41
1.39
1.44
1.53
1.68
1.77
1.86
1.89
1.85
1.77
1.66
1.56
1.48
1.44
1.47
1.54
1.67
1.79
1.89
1.93
1.91
1.84
1.75
1.62
1.52
1.48
1.51
1.54
1.65
1.77
1.88
1.95
1.95
1.91
1.80
1.68
1.58
1.51
1.49
1.53
1.63
1.75
1.86
1.96
1.97
1.94
1.86
1.74
1.63
1.54
1.50
1.52
1.60
1.72
1.84
1.94
1.98
1.97
1.91
