.69
2.06
1.42
1.75
1.68
1.33
1.80
1.96
1.47
1.73
2.07
1.60
1.67
2.14
1.76
1.61
2.15
1.93
1.59
2.11
2.08
1.62
2.01
2.20
1.69
1.91
2.27
1.79
1.79
2.27
1.91
1.73
2.27
2.09
1.73
2.22
2.24
1.75
2.12
2.32
1.79
1.92
2.26
1.74
1.62
2.05
1.66
1.37
1.83
1.67
1.27
1.68
1.74
1.28
1.55
1.84
1.35
1.46
1.91
1.51
1.42
1.95
1.67
1.39
1.90
1.81
1.39
1.82
1.94
1.44
1.71
2.02
1.54
1.61
2.07
1.66
1.53
2.06
1.80
1.47
1.96
1.89
1.43
1.81
1.97
1.46
1.68
2.01
1.53
1.55
2.04
1.67
1.48
2.00
1.81
1.44
1.93
1.93
1.46
1.82
2.03
1.52
1.70
2.08
1.61
1.59
2.11
1.76
1.54
2.06
1.91
1.54
2.03
2.06
1.54
1.86
2.09
1.56
1.68
2.09
1.62
1.54
2.05
1.74
1.48
2.00
1.89
1.47
1.88
1.93
1.41
1.81
2.41
2.27
2.57
2.68
1.77
1.33
1.78
1.62
1.36
1.87
1.81
1.38
1.81
1.96
1.48
1.74
2.08
1.60
1.66
2.13
1.75
1.60
2.13
1.91
1.58
2.08
2.05
1.58
1.97
2.15
1.65
1.88
2.25
1.80
1.83
2.33
1.98
1.80
2.34
2.15
1.78
2.25
2.25
1.72
2.03
2.18
1.61
1.70
2.03
1.52
1.41
1.87
1.52
1.27
1.75
1.62
1.23
1.66
1.75
1.28
1.59
1.87
1.39
1.52
1.96
1.56
1.48
2.00
1.72
1.44
1.96
1.86
1.43
1.86
1.97
1.47
1.74
2.03
1.54
1.61
2.06
1.66
1.51
2.03
1.79
1.47
1.98
1.94
1.49
1.88
2.03
1.52
1.74
2.09
1.60
1.63
2.10
1.73
1.55
2.08
1.86
1.50
1.97
1.96
1.49
1.85
2.06
1.54
1.73
2.11
1.63
1.60
2.11
1.74
1.52
2.03
1.88
1.48
1.94
2.00
1.53
1.88
2.10
1.56
1.69
2.08
1.60
1.52
2.01
1.71
1.46
1.99
1.85
1.44
1.89
1.97
1.46
1.72
1.96
1.48
1.80
2.56
2.46
2.33
2.41
1.72
1.23
1.76
1.77
1.35
1.78
1.92
1.42
1.70
2.03
1.55
1.61
2.08
1.68
1.53
2.06
1.82
1.51
1.99
1.96
1.52
1.92
2.11
1.60
1.84
2.21
1.74
1.76
2.25
1.89
1.72
2.27
2.09
1.74
2.24
2.26
1.78
2.15
2.33
1.79
1.91
2.23
1.71
1.59
2.01
1.63
1.35
1.83
1.70
1.27
1.71
1.77
1.29
1.59
1.86
1.37
1.49
1.92
1.50
1.43
1.95
1.67
1.38
1.91
1.80
1.37
1.80
1.93
1.41
1.69
2.00
1.52
1.61
2.06
1.65
1.53
2.05
1.79
1.47
1.96
1.90
1.45
1.85
2.01
1.50
1.74
2.09
1.59
1.62
2.09
1.70
1.52
2.07
1.82
1.49
1.98
1.96
1.50
1.88
2.06
1.54
1.74
2.11
1.63
1.61
2.10
1.74
1.53
2.05
1.87
1.48
1.96
1.98
1.50
1.84
2.08
1.57
1.71
2.12
1.68
1.67
2.15
1.79
1.52
2.02
1.86
1.44
1.88
1.96
1.48
1.77
2.05
1.55
1.67
2.11
1.67
1.55
2.03
1.74
1.53
2.28
2.48
2.25
2.45
2.13
1.37
1.54
1.93
1.49
1.55
2.02
1.62
1.48
2.00
1.76
1.44
1.96
1.92
1.46
1.87
2.03
1.52
1.77
2.13
1.66
1.70
2.17
1.80
1.63
2.20
1.97
1.61
2.12
2.13
1.67
2.06
2.28
1.78
1.99
2.39
1.93
1.92
2.40
2.03
1.76
2.24
2.00
1.53
1.95
1.92
1.37
1.65
1.87
1.35
1.47
1.86
1.42
1.38
1.87
1.57
1.32
1.85
1.74
1.35
1.77
1.88
1.40
1.70
1.99
1.49
1.59
2.03
1.63
1.51
2.02
1.74
1.44
1.95
1.86
1.42
1.83
1.96
1.45
1.71
2.03
1.52
1.58
2.04
1.65
1.50
2.02
1.78
1.45
1.96
1.91
1.45
1.85
2.04
1.52
1.73
2.10
1.59
1.61
2.10
1.72
1.53
2.06
1.85
1.48
2.00
1.99
1.51
1.88
2.12
1.62
1.81
2.17
1.69
1.63
2.11
1.74
1.50
2.02
1.85
1.46
1.94
1.97
1.49
1.81
2.07
1.53
1.64
2.03
1.65
1.82
2.56
2.42
1.99
2.11
1.73
1.21
1.64
1.83
1.37
1.68
1.98
1.50
1.61
2.06
1.64
1.54
2.08
1.81
1.52
2.04
1.96
1.54
1.96
2.10
1.59
1.86
2.18
1.69
1.76
2.23
1.84
1.70
2.24
2.01
1.68
2.20
2.17
1.71
2.12
2.29
1.80
1.98
2.31
1.79
1.75
2.17
1.73
1.47
1.94
1.71
1.31
1.76
1.76
1.29
1.62
1.86
1.36
1.53
1.93
1.50
1.45
1.95
1.64
1.40
1.92
1.78
1.40
1.87
1.93
1.43
1.75
2.01
1.51
1.65
2.07
1.63
1.56
2.07
1.77
1.48
1.99
1.87
1.45
1.89
2.01
1.49
1.77
2.06
1.55
1.64
2.10
1.68
1.55
2.07
1.80
1.48
1.98
1.91
1.45
1.86
1.98
1.47
1.71
2.05
1.56
1.61
2.08
1.68
1.52
2.04
1.80
1.46
1.94
1.92
1.45
1.83
2.03
1.51
1.72
2.10
1.64
1.65
2.12
1.74
1.52
2.04
1.83
1.44
1.94
1.95
1.47
1.83
2.05
1.54
1.71
2.11
1.63
1.54
2.01
1.72
1.75
2.64
2.80
2.26
2.24
1.89
1.27
1.62
1.93
1.45
1.57
1.99
1.57
1.52
2.02
1.74
1.49
2.00
1.90
1.48
1.92
2.03
1.54
1.84
2.15
1.66
1.75
2.21
1.80
1.69
2.20
1.95
1.65
2.18
2.13
1.68
2.12
2.27
1.76
2.03
2.36
1.87
1.93
2.38
1.96
1.74
2.20
1.90
1.49
1.93
1.85
1.36
1.68
1.86
1.33
1.52
1.88
1.42
1.40
1.89
1.55
1.37
1.88
1.72
1.35
1.83
1.86
1.38
1.73
1.96
1.46
1.62
2.03
1.60
1.52
2.03
1.72
1.47
2.00
1.87
1.47
1.93
1.99
1.49
1.80
2.08
1.56
1.69
2.12
1.68
1.57
2.09
1.79
1.50
2.01
1.93
1.47
1.90
2.01
1.51
1.79
2.10
1.59
1.66
2.11
1.69
1.55
2.09
1.83
1.51
2.01
1.95
1.49
1.89
2.05
1.52
1.74
2.10
1.60
1.63
2.14
1.75
1.58
2.09
1.85
1.48
1.96
1.92
1.44
1.80
1.99
1.48
1.67
2.05
1.58
1.57
2.07
1.70
1.44
1.93
1.78
1.64
2.44
2.78
2.21
2.12
1.94
1.30
1.49
1.95
1.52
1.47
2.01
1.67
1.43
1.98
1.85
1.44
1.92
1.99
1.50
1.82
2.10
1.59
1.72
2.16
1.74
1.65
2.17
1.88
1.60
2.14
2.05
1.63
2.08
2.20
1.70
1.99
2.31
1.82
1.92
2.37
1.96
1.85
2.33
2.04
1.69
2.11
1.98
1.45
1.79
1.89
1.34
1.52
1.85
1.35
1.37
1.84
1.48
1.31
1.84
1.64
1.32
1.78
1.78
1.32
1.71
1.93
1.43
1.63
2.01
1.55
1.54
2.05
1.71
1.49
2.01
1.83
1.46
1.91
1.95
1.49
1.81
2.05
1.53
1.69
2.09
1.63
1.58
2.08
1.75
1.50
2.02
1.88
1.47
1.93
2.00
1.51
1.81
2.08
1.56
1.67
2.10
1.66
1.57
2.09
1.80
1.51
2.02
1.91
1.47
1.89
2.02
1.49
1.76
2.09
1.56
1.63
2.11
1.68
1.54
2.08
1.82
1.52
2.06
1.98
1.51
1.90
2.04
1.51
1.74
2.08
1.59
1.61
2.09
1.70
1.52
2.04
1.83
1.46
1.94
1.89
1.44
1.99
2.43
2.16
2.36
2.36
1.56
1.38
1.87
1.60
1.42
1.96
1.79
1.44
1.90
1.94
1.47
1.82
2.07
1.56
1.73
2.14
1.68
1.63
2.14
1.82
1.57
2.11
1.97
1.57
2.03
2.12
1.64
1.96
2.23
1.74
1.87
2.32
1.93
1.83
2.36
2.08
1.77
2.28
2.16
1.69
2.08
2.13
1.55
1.74
1.98
1.44
1.45
1.87
1.46
1.30
1.80
1.56
1.24
1.74
1.71
1.27
1.67
1.85
1.36
1.60
1.96
1.48
1.51
1.99
1.63
1.46
1.99
1.78
1.43
1.92
1.92
1.44
1.81
2.01
1.50
1.69
2.06
1.58
1.56
2.06
1.70
1.47
2.00
1.82
1.43
1.90
1.94
1.44
1.77
2.01
1.50
1.66
2.06
1.61
1.55
2.07
1.75
1.50
2.03
1.89
1.48
1.92
1.99
1.49
1.80
2.06
1.55
1.66
2.08
1.65
1.53
2.06
1.78
1.49
2.00
1.93
1.51
1.93
2.02
1.49
1.74
2.04
1.52
1.57
2.02
1.61
1.47
1.99
1.75
1.43
1.95
1.90
1.42
1.76
1.91
1.47
2.00
2.70
2.46
2.28
2.26
1.56
1.30
1.89
1.72
1.37
1.86
1.88
1.39
1.77
1.99
1.50
1.71
2.10
1.64
1.64
2.14
1.78
1.55
2.09
1.92
1.53
2.01
2.06
1.57
1.92
2.19
1.68
1.85
2.29
1.83
1.80
2.34
2.02
1.78
2.32
2.18
1.76
2.21
2.25
1.70
1.96
2.15
1.57
1.62
1.99
1.52
1.37
1.87
1.58
1.27
1.77
1.69
1.26
1.68
1.82
1.34
1.64
1.94
1.45
1.52
1.98
1.58
1.45
1.98
1.74
1.42
1.93
1.89
1.43
1.83
1.99
1.47
1.70
2.05
1.56
1.58
2.06
1.68
1.50
2.03
1.81
1.45
1.94
1.92
1.45
1.82
2.02
1.50
1.70
2.08
1.61
1.60
2.11
1.75
1.53
2.06
1.88
1.48
1.95
1.98
1.49
1.83
2.06
1.54
1.69
2.09
1.63
1.57
2.08
1.75
1.49
2.00
1.86
1.45
1.89
1.97
1.47
1.78
2.04
1.54
1.67
2.12
1.68
1.56
2.05
1.74
1.44
1.95
1.85
1.42
1.83
1.95
1.44
1.70
2.03
1.53
1.60
2.03
1.59
1.41
2.04
2.08
2.10
2.79
2.48
1.58
1.68
1.80
1.37
1.64
1.99
1.51
1.54
2.03
1.66
1.50
2.03
1.84
1.48
1.98
1.99
1.51
1.90
2.10
1.58
1.78
2.17
1.70
1.69
2.18
1.85
1.63
2.17
2.00
1.62
2.12
2.19
1.70
2.07
2.36
1.83
2.00
2.39
1.93
1.85
2.32
1.93
1.60
2.04
1.84
1.36
1.76
1.80
1.29
1.56
1.83
1.33
1.44
1.88
1.46
1.36
1.89
1.61
1.32
1.84
1.76
1.34
1.77
1.91
1.42
1.71
2.03
1.53
1.60
2.07
1.66
1.52
2.05
1.79
1.46
1.96
1.89
1.45
1.83
1.99
1.47
1.70
2.04
1.56
1.58
2.06
1.69
1.51
2.04
1.82
1.46
1.96
1.95
1.49
1.86
2.06
1.54
1.73
2.10
1.62
1.60
2.10
1.76
1.52
2.05
1.87
1.48
1.95
1.99
1.50
1.84
2.07
1.55
1.72
2.14
1.67
1.61
2.14
1.86
1.58
2.09
1.95
1.49
1.94
1.99
1.49
1.80
2.08
1.56
1.68
2.11
1.67
1.57
2.08
1.77
1.45
1.96
1.97
1.76
2.44
2.68
1.93
1.82
1.93
1.35
1.48
2.03
1.61
1.48
2.03
1.76
1.45
1.96
1.92
1.48
1.89
2.04
1.53
1.78
2.12
1.63
1.68
2.16
1.77
1.60
2.14
1.93
1.59
2.10
2.09
1.64
2.04
2.25
1.75
1.97
2.35
1.89
1.91
2.39
2.02
1.79
2.29
2.05
1.61
2.02
1.96
1.42
1.70
1.89
1.35
1.50
1.86
1.41
1.35
1.85
1.54
1.30
1.81
1.67
1.28
1.73
1.81
1.33
1.65
1.93
1.44
1.57
2.00
1.58
1.51
2.03
1.74
1.48
1.98
1.88
1.46
1.89
2.00
1.51
1.76
2.05
1.54
1.62
2.07
1.67
1.52
2.04
1.78
1.46
1.96
1.90
1.45
1.86
2.01
1.50
1.74
2.09
1.60
1.64
2.11
1.71
1.53
2.06
1.83
1.48
1.97
1.95
1.48
1.86
2.06
1.54
1.75
2.14
1.69
1.68
2.15
1.77
1.54
2.04
1.86
1.44
1.91
1.93
1.44
1.79
2.03
1.51
1.67
2.09
1.59
1.51
1.97
1.68
1.65
2.46
2.58
2.13
2.18
1.85
1.20
1.50
1.88
1.42
1.56
2.00
1.57
1.49
2.02
1.74
1.48
2.00
1.91
1.49
1.93
2.04
1.54
1.82
2.14
1.64
1.74
2.20
1.79
1.67
2.21
1.95
1.64
2.17
2.11
1.68
2.11
2.27
1.76
2.03
2.37
1.87
1.91
2.36
1.93
1.71
2.17
1.86
1.46
1.86
1.79
1.30
1.63
1.80
1.30
1.48
1.86
1.39
1.39
1.89
1.55
1.35
1.88
1.71
1.34
1.82
1.85
1.38
1.74
1.98
1.48
1.64
2.04
1.58
1.53
2.04
1.71
1.46
2.00
1.85
1.45
1.91
1.96
1.47
1.78
2.05
1.52
1.65
2.08
1.64
1.54
2.05
1.75
1.48
2.00
1.90
1.47
1.91
2.01
1.50
1.78
2.08
1.55
1.63
2.10
1.65
1.52
2.04
1.78
1.47
1.99
1.92
1.47
1.89
2.03
1.52
1.78
2.09
1.59
1.64
2.10
1.70
1.55
2.09
1.86
1.49
1.98
1.94
1.45
1.82
1.99
1.48
1.69
2.05
1.58
1.59
2.09
1.73
1.52
2.03
1.79
1.41
1.96
2.25
2.13
2.73
2.73
1.76
1.57
1.88
1.49
1.50
2.00
1.66
1.43
1.96
1.82
1.45
1.92
1.98
1.51
1.83
2.09
1.58
1.73
2.17
1.73
1.66
2.17
1.87
1.60
2.14
2.03
1.61
2.07
2.17
1.67
1.99
2.29
1.80
1.91
2.36
1.97
1.84
2.36
2.07
1.74
2.20
2.07
1.55
1.90
1.96
1.38
1.59
1.90
1.38
1.40
1.86
1.49
1.32
1.85
1.62
1.29
1.78
1.77
1.32
1.71
1.90
1.40
1.61
1.97
1.50
1.51
2.02
1.64
1.45
1.97
1.78
1.42
1.91
1.93
1.44
1.81
2.03
1.52
1.70
2.08
1.61
1.57
2.06
1.72
1.48
2.01
1.83
1.44
1.91
1.96
1.46
1.78
2.03
1.52
1.68
2.07
1.62
1.55
2.06
1.75
1.51
2.03
1.90
1.49
1.93
2.02
1.53
1.80
2.07
1.56
1.65
2.09
1.69
1.55
2.10
1.82
1.51
2.03
1.97
1.53
1.96
2.07
1.54
1.78
2.09
1.58
1.63
2.09
1.69
1.54
2.06
1.81
1.48
1.98
1.93
1.45
1.81
1.99
1.61
2.11
2.74
2.32
2.02
2.09
1.53
1.33
1.94
1.77
1.40
1.87
1.88
1.41
1.78
2.00
1.49
1.68
2.08
1.62
1.61
2.12
1.78
1.56
2.11
1.94
1.55
2.03
2.07
1.59
1.95
2.20
1.70
1.87
2.30
1.85
1.83
2.37
2.06
1.82
2.35
2.21
1.79
2.24
2.28
1.73
1.97
2.17
1.59
1.63
2.01
1.53
1.38
1.87
1.57
1.28
1.81
1.72
1.30
1.73
1.86
1.37
1.65
1.96
1.48
1.59
2.03
1.63
1.50
2.03
1.78
1.46
1.97
1.91
1.45
1.86
2.02
1.51
1.74
2.08
1.58
1.63
2.09
1.70
1.53
2.04
1.82
1.48
1.96
1.94
1.46
1.84
2.03
1.52
1.72
2.10
1.63
1.62
2.11
1.74
1.52
2.04
1.85
1.47
1.93
1.94
1.46
1.80
2.03
1.52
1.68
2.09
1.63
1.59
2.10
1.75
1.52
2.06
1.93
1.52
1.96
2.01
1.51
1.79
2.04
1.53
1.65
2.07
1.63
1.54
2.07
1.78
1.51
2.01
1.87
1.42
1.86
2.12
1.85
2.38
2.72
1.91
1.61
1.86
1.41
1.34
1.94
1.72
1.40
1.90
1.85
1.40
1.81
2.00
1.47
1.73
2.07
1.59
1.63
2.12
1.74
1.57
2.10
1.88
1.53
2.03
2.02
1.55
1.95
2.14
1.64
1.88
2.28
1.82
1.84
2.35
1.98
1.79
2.32
2.12
1.72
2.17
2.14
1.58
1.87
2.03
1.46
1.57
1.94
1.45
1.38
1.87
1.52
1.28
1.80
1.66
1.28
1.77
1.82
1.34
1.67
1.95
1.45
1.59
2.02
1.59
1.51
2.03
1.74
1.46
1.99
1.88
1.45
1.89
1.98
1.47
1.76
2.05
1.54
1.63
2.07
1.64
1.51
2.03
1.76
1.45
1.96
1.88
1.46
1.86
2.00
1.49
1.74
2.07
1.58
1.62
2.09
1.69
1.52
2.05
1.82
1.47
1.96
1.93
1.47
1.85
2.03
1.54
1.74
2.10
1.64
1.63
2.11
1.77
1.54
2.08
1.89
1.52
2.02
2.07
1.55
1.90
2.11
1.58
1.74
2.12
1.63
1.58
2.07
1.71
1.46
1.98
1.85
1.43
1.88
1.92
1.39
1.67
1.96
1.69
2.18
2.92
2.40
1.89
1.98
1.51
1.29
1.86
1.76
1.34
1.78
1.89
1.39
1.70
2.02
1.52
1.64
2.10
1.68
1.57
2.10
1.83
1.52
2.05
1.96
1.52
1.96
2.10
1.58
1.85
2.19
1.72
1.80
2.29
1.90
1.78
2.35
2.13
1.80
2.31
2.26
1.78
2.17
2.28
1.71
1.86
2.13
1.56
1.54
1.94
1.54
1.34
1.81
1.60
1.24
1.71
1.73
1.27
1.62
1.85
1.35
1.54
1.95
1.50
1.49
2.00
1.66
1.43
1.96
1.80
1.40
1.88
1.93
1.44
1.76
2.02
1.50
1.65
2.07
1.62
1.55
2.07
1.75
1.48
2.00
1.87
1.46
1.90
1.98
1.48
1.77
2.06
1.54
1.63
2.06
1.63
1.51
2.04
1.78
1.48
1.99
1.91
1.47
1.90
2.04
1.49
1.76
2.07
1.56
1.62
2.08
1.67
1.52
2.04
1.80
1.46
1.97
1.93
1.46
1.86
2.03
1.52
1.74
2.10
1.63
1.68
2.16
1.76
1.54
2.08
1.83
1.45
1.95
1.93
1.45
1.82
2.04
1.52
1.72
2.12
1.65
1.61
2.08
1.68
1.45
2.15
2.29
2.26
2.83
2.49
1.55
1.65
1.88
1.44
1.62
2.02
1.57
1.51
2.04
1.74
1.48
2.01
1.88
1.47
1.93
2.01
1.51
1.83
2.12
1.61
1.74
2.17
1.74
1.65
2.17
1.89
1.61
2.15
2.07
1.68
2.12
2.26
1.76
2.07
2.39
1.90
1.98
2.43
2.01
1.83
2.30
1.97
1.56
1.99
1.86
1.36
1.71
1.84
1.32
1.52
1.88
1.43
1.42
1.89
1.52
1.34
1.86
1.66
1.31
1.80
1.81
1.35
1.74
1.95
1.44
1.63
2.02
1.55
1.54
2.04
1.70
1.47
2.00
1.83
1.44
1.91
1.94
1.43
1.77
2.04
1.51
1.67
2.08
1.62
1.56
2.06
1.74
1.48
2.01
1.88
1.46
1.92
1.99
1.48
1.79
2.07
1.55
1.66
2.12
1.66
1.56
2.08
1.79
1.48
2.00
1.90
1.46
1.89
1.98
1.48
1.75
2.10
1.57
1.64
2.09
1.67
1.53
2.07
1.80
1.47
1.97
1.92
1.46
1.86
2.02
1.52
1.75
2.10
1.63
1.69
2.18
1.78
1.58
2.10
1.86
1.48
1.96
1.94
1.45
1.83
2.03
1.50
1.70
2.08
1.61
1.58
2.04
1.63
1.42
2.13
2.24
2.19
2.70
2.36
1.47
1.60
1.86
1.42
1.59
1.99
1.53
1.49
2.01
1.69
1.45
1.98
1.86
1.45
1.91
1.99
1.50
1.82
2.10
1.61
1.72
2.17
1.75
1.66
2.19
1.91
1.63
2.17
2.08
1.66
2.12
2.24
1.75
2.05
2.37
1.87
1.96
2.40
1.98
1.81
2.29
1.97
1.57
2.00
1.88
1.36
1.71
1.83
1.30
1.51
1.85
1.37
1.39
1.87
1.51
1.33
1.86
1.66
1.32
1.82
1.82
1.35
1.73
1.94
1.44
1.64
2.02
1.55
1.54
2.04
1.68
1.47
2.01
1.84
1.46
1.94
1.96
1.46
1.81
2.05
1.53
1.70
2.14
1.65
1.59
2.10
1.77
1.52
2.05
1.90
1.50
1.96
2.01
1.50
1.81
2.07
1.56
1.69
2.12
1.68
1.60
2.14
1.81
1.53
2.07
1.94
1.50
1.94
2.03
1.52
1.80
2.08
1.57
1.66
2.08
1.65
1.56
2.06
1.78
1.49
2.03
1.97
1.51
1.91
2.02
1.50
1.74
2.07
1.58
1.63
2.10
1.71
1.55
2.07
1.84
1.51
1.97
1.93
1.45
1.89
2.29
2.01
2.44
2.66
1.83
1.53
1.87
1.52
1.39
1.96
1.78
1.43
1.91
1.93
1.47
1.82
2.04
1.56
1.72
2.10
1.65
1.62
2.13
1.83
1.57
2.09
1.96
1.56
2.02
2.07
1.60
1.94
2.20
1.71
1.86
2.27
1.85
1.79
2.31
2.02
1.76
2.28
2.16
1.72
2.12
2.15
1.59
1.80
2.01
1.46
1.50
1.92
1.47
1.35
1.84
1.58
1.30
1.80
1.75
1.34
1.77
1.89
1.40
1.66
1.98
1.52
1.58
2.03
1.64
1.49
2.03
1.76
1.44
1.93
1.88
1.43
1.83
1.97
1.48
1.71
2.05
1.58
1.59
2.05
1.68
1.48
1.99
1.78
1.43
1.90
1.91
1.45
1.81
2.00
1.51
1.69
2.07
1.62
1.59
2.08
1.76
1.53
2.05
1.89
1.51
1.96
1.99
1.50
1.80
2.03
1.53
1.66
2.07
1.64
1.59
2.09
1.81
1.58
2.12
2.02
1.60
2.01
2.08
1.56
1.82
2.08
1.58
1.65
2.07
1.66
1.56
2.06
1.81
1.52
2.00
1.89
1.43
1.86
2.27
2.15
2.68
2.82
1.94
1.57
1.88
1.57
1.49
2.02
1.84
1.51
1.98
1.98
1.53
1.93
2.11
1.64
1.85
2.23
1.75
1.76
2.22
1.87
1.68
2.18
1.98
1.62
2.06
2.06
1.60
1.95
2.17
1.69
1.86
2.25
1.82
1.80
2.28
1.97
1.75
2.25
2.10
1.70
2.09
2.08
1.53
1.76
1.94
1.42
1.48
1.83
1.41
1.30
1.75
1.47
1.21
1.67
1.58
1.21
1.60
1.71
1.27
1.53
1.82
1.38
1.49
1.88
1.52
1.40
1.88
1.66
1.38
1.85
1.79
1.38
1.76
1.90
1.43
1.66
1.97
1.52
1.56
2.00
1.63
1.48
1.96
1.74
1.41
1.86
1.83
1.40
1.76
1.94
1.46
1.67
2.01
1.56
1.56
2.03
1.68
1.49
2.00
1.82
1.45
1.91
1.92
1.44
1.77
1.99
1.48
1.64
2.03
1.61
1.55
2.06
1.76
1.52
2.03
1.86
1.43
1.86
1.92
1.41
1.70
1.98
1.47
1.59
2.03
1.61
1.52
2.03
1.74
1.43
1.89
1.76
1.42
2.16
2.64
2.40
2.48
2.31
1.47
1.43
1.94
1.57
1.46
1.97
1.74
1.45
1.98
1.91
1.48
1.88
2.04
1.56
1.81
2.14
1.69
1.74
2.19
1.83
1.68
2.17
1.97
1.67
2.17
2.14
1.72
2.10
2.27
1.82
2.08
2.40
1.98
2.00
2.44
2.12
1.93
2.38
2.17
1.79
2.17
2.09
1.58
1.82
1.94
1.45
1.55
1.86
1.46
1.41
1.84
1.57
1.36
1.81
1.70
1.35
1.74
1.81
1.40
1.68
1.92
1.50
1.62
1.99
1.63
1.58
2.02
1.78
1.56
2.01
1.92
1.57
1.95
2.04
1.62
1.86
2.10
1.68
1.75
2.11
1.76
1.64
2.06
1.85
1.58
1.99
1.94
1.56
1.90
2.03
1.59
1.80
2.06
1.66
1.70
2.07
1.75
1.60
2.02
1.83
1.54
1.93
1.91
1.52
1.82
1.97
1.55
1.71
2.00
1.61
1.59
1.97
1.68
1.52
1.95
1.78
1.48
1.89
1.91
1.52
1.77
1.92
1.49
1.59
1.90
1.53
1.50
1.89
1.63
1.44
1.85
1.74
1.43
1.78
1.81
1.37
1.61
1.96
1.85
2.30
2.77
2.12
1.59
1.74
1.48
1.34
1.78
1.71
1.36
1.72
1.81
1.42
1.67
1.93
1.54
1.63
2.01
1.68
1.59
2.02
1.82
1.58
2.00
1.95
1.60
1.95
2.07
1.67
1.89
2.18
1.78
1.85
2.26
1.96
1.84
2.29
2.11
1.82
2.23
2.20
1.80
2.09
2.18
1.68
1.78
2.00
1.53
1.47
1.82
1.51
1.30
1.70
1.55
1.25
1.63
1.69
1.29
1.58
1.77
1.36
1.50
1.84
1.47
1.43
1.87
1.62
1.40
1.86
1.74
1.41
1.81
1.88
1.47
1.75
2.00
1.55
1.66
2.04
1.65
1.58
2.04
1.75
1.50
1.99
1.87
1.43
1.83
1.88
1.35
1.56
1.84
1.35
1.41
1.84
1.47
1.33
1.86
1.65
1.34
1.85
1.82
1.38
1.79
1.97
1.49
1.74
2.09
1.62
1.66
2.13
1.76
1.58
2.13
1.93
1.57
2.09
2.11
1.64
1.99
2.19
1.66
1.83
2.20
1.73
1.71
2.20
1.85
1.62
2.16
1.99
1.60
2.08
2.10
1.58
1.90
2.25
1.98
2.36
2.89
2.23
1.77
2.05
1.65
1.44
2.03
1.93
1.52
1.96
2.04
1.57
1.85
2.13
1.64
1.73
2.17
1.76
1.62
2.13
1.85
1.54
2.07
1.99
1.55
1.98
2.12
1.62
1.89
2.23
1.75
1.83
2.31
1.93
1.78
2.32
2.08
1.74
2.24
2.19
1.70
2.07
2.18
1.59
1.74
2.02
1.49
1.44
1.88
1.49
1.27
1.78
1.59
1.23
1.72
1.74
1.28
1.64
1.87
1.39
1.58
1.98
1.57
1.58
2.10
1.80
1.62
2.17
2.06
1.74
2.20
2.27
1.81
2.12
2.34
1.84
1.96
2.30
1.87
1.79
2.21
1.92
1.67
2.10
1.97
1.60
1.97
2.03
1.59
1.83
2.05
1.61
1.68
2.03
1.65
1.53
1.96
1.72
1.45
1.88
1.79
1.40
1.72
1.83
1.41
1.64
1.95
1.56
1.61
2.02
1.71
1.59
2.01
1.81
1.51
1.90
1.86
1.45
1.76
1.90
1.47
1.64
1.95
1.55
1.58
1.96
1.65
1.45
1.84
1.67
1.47
2.16
2.45
2.18
2.19
1.94
1.26
1.30
1.71
1.41
1.41
1.83
1.58
1.40
1.85
1.74
1.41
1.80
1.86
1.44
1.73
1.96
1.54
1.67
2.04
1.67
1.62
2.07
1.81
1.58
2.05
1.96
1.61
2.02
2.11
1.69
1.97
2.24
1.81
1.91
2.29
1.92
1.80
2.24
1.97
1.63
2.03
1.91
1.41
1.72
1.79
1.31
1.51
1.80
1.35
1.39
1.84
1.48
1.31
1.82
1.62
1.28
1.75
1.74
1.29
1.65
1.85
1.35
1.55
1.93
1.47
1.46
1.95
1.62
1.41
1.95
1.78
1.40
1.88
1.91
1.42
1.76
2.01
1.50
1.66
2.07
1.61
1.54
2.08
1.74
1.48
2.00
1.87
1.45
1.90
1.99
1.49
1.79
2.09
1.57
1.67
2.13
1.67
1.56
2.09
1.81
1.51
2.04
1.96
1.51
1.94
2.07
1.55
1.82
2.16
1.65
1.71
2.19
1.78
1.62
2.13
1.86
1.51
2.00
1.95
1.46
1.85
2.02
1.50
1.72
2.08
1.59
1.61
2.11
1.71
1.48
1.97
1.79
1.68
2.53
2.88
2.31
2.21
1.98
1.31
1.51
1.96
1.51
1.47
1.98
1.65
1.45
1.97
1.82
1.43
1.91
1.97
1.50
1.84
2.11
1.61
1.76
2.18
1.74
1.67
2.19
1.89
1.62
2.17
2.05
1.63
2.10
2.21
1.73
2.04
2.35
1.85
1.96
2.41
1.98
1.85
2.35
2.04
1.66
2.10
1.95
1.43
1.77
1.87
1.32
1.53
1.86
1.35
1.38
1.85
1.47
1.30
1.84
1.63
1.30
1.80
1.80
1.34
1.72
1.92
1.42
1.61
1.98
1.51
1.50
2.00
1.64
1.43
1.96
1.79
1.41
1.89
1.92
1.44
1.79
2.04
1.52
1.68
2.09
1.62
1.57
2.08
1.75
1.49
2.02
1.90
1.46
1.92
1.98
1.48
1.79
2.07
1.55
1.68
2.11
1.66
1.56
2.09
1.79
1.49
2.01
1.91
1.47
1.91
2.01
1.50
1.77
2.08
1.58
1.66
2.12
1.71
1.57
2.12
1.86
1.52
2.05
2.01
1.56
1.96
2.08
1.54
1.75
2.12
1.58
1.61
2.10
1.72
1.53
2.07
1.86
1.50
2.00
1.97
1.46
1.77
1.97
1.63
2.17
2.91
2.44
2.02
2.06
1.50
1.28
1.87
1.73
1.34
1.81
1.86
1.38
1.74
1.99
1.49
1.64
2.07
1.63
1.58
2.11
1.79
1.52
2.08
1.93
1.52
1.99
2.09
1.59
1.92
2.21
1.71
1.83
2.29
1.87
1.78
2.33
2.05
1.75
2.29
2.20
1.75
2.17
2.26
1.68
1.89
2.12
1.55
1.56
1.96
1.52
1.33
1.82
1.59
1.25
1.74
1.71
1.25
1.64
1.83
1.32
1.54
1.91
1.45
1.48
1.97
1.61
1.41
1.95
1.76
1.39
1.88
1.88
1.39
1.75
1.97
1.46
1.65
2.05
1.58
1.55
2.05
1.71
1.47
1.99
1.82
1.42
1.88
1.94
1.44
1.75
2.01
1.52
1.62
2.04
1.61
1.52
2.03
1.73
1.45
1.97
1.86
1.43
1.87
1.97
1.46
1.75
2.05
1.54
1.62
2.08
1.66
1.52
2.05
1.78
1.46
1.96
1.91
1.44
1.86
2.01
1.49
1.74
2.08
1.57
1.63
2.10
1.70
1.55
2.11
1.88
1.51
1.99
1.94
1.46
1.84
2.03
1.49
1.70
2.08
1.59
1.58
2.08
1.71
1.50
2.01
1.79
1.38
1.93
2.17
1.95
2.53
2.57
1.69
1.56
1.84
1.43
1.45
1.99
1.66
1.42
1.96
1.81
1.42
1.91
1.98
1.49
1.82
2.10
1.59
1.73
2.17
1.73
1.64
2.17
1.87
1.58
2.11
2.01
1.58
2.04
2.15
1.65
1.97
2.28
1.79
1.92
2.37
1.96
1.83
2.36
2.09
1.74
2.21
2.09
1.55
1.89
1.98
1.42
1.61
1.93
1.41
1.41
1.87
1.49
1.30
1.82
1.61
1.27
1.76
1.77
1.30
1.68
1.89
1.38
1.58
1.97
1.51
1.50
2.00
1.66
1.44
1.97
1.80
1.41
1.89
1.92
1.43
1.77
2.01
1.50
1.65
2.06
1.60
1.53
2.04
1.72
1.46
1.98
1.85
1.44
1.89
1.97
1.47
1.77
2.05
1.56
1.65
2.09
1.66
1.54
2.06
1.78
1.48
2.00
1.91
1.46
1.89
2.01
1.49
1.75
2.07
1.56
1.63
2.09
1.68
1.54
2.06
1.82
1.51
2.04
2.01
1.51
1.91
2.05
1.52
1.74
2.10
1.57
1.59
2.07
1.70
1.52
2.05
1.84
1.46
1.93
1.90
1.41
1.87
2.34
2.10
2.53
2.68
1.79
1.44
1.81
1.53
1.38
1.95
1.78
1.39
1.89
1.94
1.47
1.82
2.07
1.56
1.72
2.14
1.69
1.63
2.15
1.84
1.58
2.13
2.00
1.57
2.03
2.12
1.62
1.96
2.23
1.73
1.87
2.32
1.90
1.81
2.36
2.08
1.77
2.30
2.20
1.72
2.12
2.19
1.60
1.80
2.05
1.49
1.50
1.93
1.52
1.34
1.86
1.62
1.29
1.77
1.74
1.31
1.70
1.89
1.38
1.61
1.98
1.51
1.53
2.02
1.65
