3.80
2.09
1.40
3.57
2.47
1.16
1.37
3.55
2.45
1.14
3.19
2.89
1.21
2.77
3.35
1.44
2.31
3.73
1.74
1.82
3.80
2.09
1.40
3.57
2.47
1.16
1.37
3.55
2.45
1.14
3.19
2.89
1.21
2.77
3.35
1.44
2.31
3.73
1.74
1.82
3.80
2.09
1.40
3.57
2.47
1.16
1.29
1.45
1.66
1.86
2.09
2.32
2.55
2.76
2.97
3.16
3.33
3.68
2.30
1.19
3.34
2.72
1.15
2.95
3.18
1.34
2.49
3.60
1.63
1.99
3.81
1.92
1.52
3.67
2.30
1.20
3.35
2.72
1.16
2.95
3.17
1.34
2.50
3.61
1.61
2.00
3.81
1.92
1.52
3.68
2.29
1.20
3.35
2.70
1.14
2.95
3.16
1.33
2.49
3.58
1.59
1.98
3.83
1.96
1.64
3.73
2.29
1.18
3.33
2.69
1.14
2.94
3.15
1.32
2.51
3.60
1.60
2.01
3.82
1.93
1.54
3.68
2.28
1.20
3.36
2.70
1.15
2.97
3.16
1.33
2.52
3.60
1.60
2.03
3.83
1.93
1.57
3.69
2.30
1.22
3.38
2.71
1.15
2.98
3.15
1.33
2.51
3.58
1.59
2.01
3.81
1.90
1.57
3.69
2.26
1.20
3.36
2.68
1.14
2.97
3.14
1.32
2.51
3.57
1.58
2.04
3.81
1.91
1.57
3.70
2.28
1.22
3.38
2.69
1.14
2.98
3.14
1.32
2.53
3.58
1.59
2.03
3.81
1.90
1.56
3.70
2.27
1.22
3.38
2.69
1.15
2.99
3.14
1.32
2.54
3.58
1.58
2.04
3.84
1.90
1.56
3.70
2.26
1.23
3.38
2.68
1.15
2.99
3.13
1.31
2.54
3.56
1.57
2.03
3.81
1.89
1.61
3.73
2.31
1.23
3.38
2.66
1.13
2.99
3.12
1.31
2.54
3.57
1.58
2.05
3.82
1.89
1.58
3.70
2.25
1.22
3.39
2.66
1.14
3.01
3.13
1.33
2.57
3.58
1.58
2.07
3.82
1.90
1.60
3.72
2.26
1.24
3.41
2.67
1.15
3.02
3.13
1.31
2.56
3.56
1.57
2.06
3.82
1.88
1.60
3.71
2.24
1.23
3.40
2.65
1.14
3.01
3.10
1.30
2.57
3.55
1.57
2.10
3.82
1.88
1.60
3.72
2.27
1.24
3.41
2.66
1.14
3.04
3.10
1.30
2.58
3.55
1.56
2.09
3.82
1.88
1.61
3.72
2.23
1.24
3.43
2.64
1.13
3.03
3.09
1.30
2.58
3.54
1.56
2.10
3.84
1.87
1.61
3.73
2.23
1.24
3.42
2.63
1.14
3.03
3.08
1.29
2.59
3.52
1.55
2.08
3.81
1.86
1.68
3.77
2.29
1.26
3.42
2.63
1.12
3.03
3.07
1.29
2.59
3.52
1.55
2.11
3.81
1.86
1.63
3.73
2.22
1.25
3.43
2.62
1.13
3.04
3.08
1.29
2.61
3.54
1.55
2.13
3.82
1.87
1.65
3.74
2.22
1.27
3.45
2.63
1.14
3.06
3.07
1.29
2.60
3.50
1.53
2.10
3.80
1.83
1.61
3.73
2.19
1.25
3.43
2.60
1.12
3.05
3.07
1.27
2.60
3.49
1.53
2.11
3.80
1.83
1.63
3.73
2.19
1.26
3.44
2.63
1.13
3.07
3.05
1.28
2.65
3.50
1.53
2.13
3.80
1.83
1.64
3.75
2.19
1.26
3.45
2.60
1.13
3.07
3.05
1.27
2.63
3.49
1.53
2.14
3.81
1.83
1.66
3.75
2.18
1.27
3.46
2.59
1.14
3.07
3.04
1.27
2.63
3.49
1.52
2.14
3.79
1.81
1.71
3.78
2.26
1.30
3.47
2.59
1.11
3.06
3.02
1.26
2.63
3.48
1.52
2.16
3.80
1.82
1.67
3.75
2.17
1.28
3.46
2.58
1.13
3.09
3.03
1.27
2.66
3.49
1.52
2.18
3.81
1.83
1.69
3.77
2.18
1.30
3.48
2.59
1.16
3.11
3.03
1.26
2.67
3.48
1.52
2.17
3.80
1.81
1.69
3.76
2.16
1.29
3.47
2.56
1.12
3.09
3.00
1.25
2.67
3.46
1.51
2.18
3.80
1.81
1.70
3.77
2.17
1.30
3.48
2.57
1.13
3.13
3.02
1.26
2.69
3.47
1.52
2.20
3.80
1.81
1.72
3.77
2.16
1.31
3.49
2.56
1.13
3.12
3.00
1.26
2.68
3.45
1.50
2.19
3.79
1.80
1.71
3.77
2.15
1.30
3.49
2.55
1.13
3.12
2.99
1.25
2.68
3.45
1.50
2.19
3.78
1.78
1.74
3.80
2.21
1.35
3.52
2.52
1.11
3.11
2.98
1.24
2.68
3.44
1.49
2.22
3.79
1.79
1.72
3.78
2.14
1.30
3.50
2.54
1.13
3.13
2.99
1.25
2.71
3.45
1.50
2.23
3.80
1.80
1.74
3.79
2.15
1.33
3.51
2.54
1.14
3.15
2.99
1.25
2.72
3.44
1.49
2.22
3.78
1.78
1.72
3.78
2.12
1.31
3.51
2.52
1.13
3.14
2.96
1.23
2.71
3.44
1.48
2.23
3.78
1.77
1.74
3.79
2.12
1.33
3.51
2.52
1.13
3.16
2.99
1.24
2.73
3.44
1.48
2.25
3.78
1.77
1.76
3.80
2.12
1.34
3.53
2.53
1.13
3.16
2.96
1.23
2.74
3.42
1.48
2.29
3.79
1.77
1.77
3.80
2.11
1.34
3.53
2.50
1.13
3.17
2.93
1.22
2.73
3.39
1.46
2.25
3.75
1.74
1.75
3.79
2.13
1.42
3.59
2.49
1.13
3.15
2.91
1.21
2.73
3.38
1.45
2.26
3.76
1.75
1.79
3.81
2.10
1.37
3.55
2.49
1.14
3.19
2.96
1.22
2.77
3.41
1.47
2.30
3.78
1.75
1.81
3.81
2.10
1.37
3.56
2.49
1.14
3.20
2.93
1.22
2.77
3.38
1.45
2.28
3.75
1.74
1.78
3.80
2.07
1.35
3.54
2.46
1.13
3.20
2.90
1.21
2.77
3.36
1.44
2.29
3.74
1.73
1.79
3.82
2.07
1.37
3.56
2.46
1.13
3.20
2.89
1.20
2.79
3.35
1.43
2.31
3.73
1.73
1.81
3.81
2.06
1.38
3.58
2.45
1.14
3.21
2.91
1.20
2.80
3.37
1.44
2.33
3.75
1.73
1.83
3.82
2.06
1.39
3.58
2.44
1.14
3.22
2.88
1.20
2.80
3.33
1.42
2.33
3.75
1.73
1.90
3.85
2.06
1.38
3.60
2.41
1.13
3.22
2.86
1.19
2.81
3.32
1.42
2.34
3.72
1.71
1.84
3.82
2.04
1.40
3.59
2.42
1.15
3.25
2.87
1.20
2.83
3.33
1.42
2.37
3.74
1.71
1.88
3.83
2.04
1.43
3.60
2.43
1.15
3.25
2.85
1.18
2.84
3.30
1.40
2.36
3.70
1.69
1.86
3.82
2.02
1.42
3.60
2.41
1.15
3.25
2.83
1.18
2.84
3.29
1.40
2.37
3.70
1.69
1.88
3.83
2.02
1.44
3.62
2.40
1.16
3.27
2.83
1.19
2.85
3.29
1.40
2.39
3.72
1.69
1.90
3.83
2.02
1.45
3.63
2.40
1.19
3.28
2.82
1.17
2.86
3.27
1.39
2.39
3.69
1.67
1.90
3.83
2.00
1.45
3.62
2.38
1.16
3.28
2.86
1.20
2.92
3.27
1.38
2.39
3.69
1.67
1.91
3.83
2.02
1.47
3.63
2.39
1.17
3.30
2.82
1.18
2.89
3.26
1.38
2.42
3.69
1.67
1.94
3.84
2.00
1.49
3.67
2.38
1.18
3.31
2.81
1.20
2.91
3.26
1.38
2.44
3.68
1.66
1.94
3.83
1.97
1.47
3.65
2.34
1.18
3.30
2.77
1.15
2.90
3.23
1.37
2.44
3.66
1.64
1.95
3.83
1.96
1.48
3.66
2.34
1.17
3.31
2.76
1.15
2.92
3.23
1.36
2.46
3.67
1.64
1.96
3.84
1.96
1.50
3.66
2.34
1.18
3.32
2.75
1.15
2.92
3.21
1.35
2.49
3.65
1.63
1.98
3.84
1.98
1.51
3.67
2.32
1.18
3.33
2.74
1.15
2.94
3.20
1.34
2.48
3.64
1.64
1.98
3.83
1.93
1.53
3.69
2.37
1.23
3.37
2.70
1.13
2.93
3.17
1.33
2.48
3.62
1.61
2.01
3.84
1.94
1.54
3.69
2.30
1.21
3.36
2.72
1.14
2.96
3.20
1.33
2.51
3.62
1.61
2.02
3.85
1.93
1.56
3.70
2.31
1.22
3.38
2.73
1.15
2.99
3.17
1.33
2.55
3.60
1.59
2.02
3.83
1.90
1.55
3.70
2.28
1.21
3.37
2.69
1.14
2.99
3.14
1.31
2.53
3.58
1.58
2.03
3.83
1.90
1.56
3.72
2.27
1.22
3.39
2.68
1.14
3.00
3.13
1.31
2.55
3.57
1.57
2.06
3.83
1.89
1.58
3.71
2.25
1.23
3.40
2.67
1.13
3.02
3.14
1.30
2.57
3.58
1.57
2.08
3.83
1.88
1.59
3.72
2.24
1.23
3.41
2.66
1.14
3.03
3.11
1.30
2.58
3.54
1.55
2.14
3.89
1.94
1.62
3.73
2.21
1.23
3.44
2.63
1.13
3.05
3.10
1.32
2.61
3.56
1.56
2.13
3.84
1.87
1.64
3.75
2.22
1.27
3.45
2.64
1.16
3.08
3.10
1.30
2.63
3.56
1.55
2.15
3.85
1.86
1.66
3.76
2.21
1.27
3.45
2.61
1.12
3.06
3.06
1.27
2.62
3.50
1.52
2.14
3.81
1.83
1.64
3.75
2.18
1.26
3.45
2.58
1.12
3.07
3.03
1.26
2.64
3.49
1.52
2.16
3.81
1.81
1.67
3.76
2.17
1.28
3.47
2.58
1.12
3.09
3.03
1.26
2.66
3.48
1.52
2.18
3.82
1.82
1.70
3.77
2.17
1.30
3.50
2.57
1.13
3.12
3.02
1.26
2.68
3.47
1.53
2.19
3.80
1.80
1.70
3.78
2.15
1.30
3.49
2.54
1.11
3.11
2.96
1.24
2.70
3.49
1.52
2.21
3.77
1.76
1.69
3.77
2.12
1.30
3.50
2.53
1.12
3.13
2.98
1.24
2.71
3.44
1.49
2.22
3.80
1.78
1.75
3.80
2.14
1.34
3.52
2.54
1.14
3.16
2.98
1.24
2.74
3.45
1.49
2.26
3.80
1.78
1.76
3.80
2.14
1.35
3.53
2.51
1.12
3.18
2.94
1.22
2.73
3.40
1.46
2.25
3.77
1.75
1.75
3.79
2.10
1.34
3.54
2.50
1.13
3.19
2.93
1.22
2.75
3.40
1.46
2.28
3.78
1.75
1.78
3.82
2.09
1.36
3.56
2.49
1.14
3.20
2.95
1.22
2.78
3.39
1.45
2.30
3.77
1.74
1.80
3.82
2.08
1.38
3.56
2.47
1.14
3.21
2.92
1.21
2.80
3.38
1.45
2.33
3.76
1.74
1.82
3.82
2.06
1.38
3.57
2.48
1.17
3.28
2.91
1.21
2.80
3.34
1.43
2.33
3.74
1.74
1.84
3.83
2.06
1.40
3.59
2.45
1.14
3.24
2.88
1.20
2.83
3.34
1.45
2.36
3.75
1.72
1.86
3.83
2.05
1.42
3.60
2.44
1.15
3.26
2.87
1.19
2.84
3.33
1.42
2.38
3.74
1.71
1.87
3.84
2.03
1.42
3.60
2.40
1.14
3.26
2.86
1.18
2.84
3.30
1.40
2.38
3.71
1.69
1.90
3.84
2.02
1.44
3.62
2.40
1.16
3.27
2.83
1.18
2.87
3.29
1.40
2.41
3.71
1.68
1.92
3.85
2.01
1.46
3.63
2.39
1.17
3.29
2.83
1.17
2.89
3.29
1.39
2.42
3.70
1.67
1.93
3.85
1.99
1.47
3.64
2.38
1.17
3.30
2.80
1.17
2.89
3.25
1.38
2.43
3.71
1.68
2.00
3.88
1.98
1.48
3.65
2.36
1.17
3.31
2.79
1.16
2.92
3.25
1.37
2.45
3.68
1.64
1.96
3.85
1.97
1.51
3.68
2.35
1.18
3.33
2.78
1.16
2.94
3.24
1.36
2.49
3.67
1.64
2.01
3.88
1.99
1.57
3.71
2.40
1.27
3.41
2.82
1.19
2.99
3.25
1.37
2.51
3.65
1.63
1.99
3.84
1.93
1.51
3.67
2.28
1.17
3.33
2.69
1.13
2.92
3.12
1.30
2.43
3.52
1.56
1.91
3.79
1.87
1.44
3.63
2.22
1.13
3.29
2.66
1.11
2.90
3.17
1.32
2.44
3.57
1.59
1.93
3.80
1.93
1.50
3.66
2.34
1.21
3.35
2.80
1.18
2.94
3.19
1.34
2.45
3.59
1.60
1.94
3.80
1.94
1.50
3.66
2.33
1.17
3.31
2.71
1.14
2.87
3.22
1.36
2.53
3.59
1.59
1.87
3.75
1.89
1.44
3.62
2.28
1.17
3.34
2.74
1.16
2.95
3.22
1.36
2.50
3.64
1.64
1.98
3.82
1.94
1.52
3.68
2.32
1.21
3.36
2.75
1.18
2.97
3.20
1.35
2.49
3.59
1.60
1.96
3.79
1.90
1.48
3.64
2.26
1.20
3.36
2.82
1.26
3.15
3.66
1.62
3.11
4.33
2.38
3.21
4.41
2.94
2.79
4.25
3.11
1.95
3.83
3.23
1.42
3.22
3.34
1.40
2.57
3.52
1.56
1.87
3.65
1.81
1.32
3.52
2.07
1.00
3.15
2.40
1.00
2.71
2.80
1.17
2.19
3.20
1.41
1.67
3.48
1.68
1.22
3.45
2.02
0.98
3.14
2.41
1.01
2.73
2.85
1.20
2.26
3.30
1.46
1.77
3.60
1.76
1.34
3.54
2.12
1.08
3.23
2.55
1.09
2.93
3.07
1.30
2.36
3.37
1.50
1.86
3.65
1.80
1.42
3.58
2.15
1.11
3.28
2.58
1.09
2.87
3.00
1.26
2.41
3.44
1.52
1.94
3.70
1.83
1.47
3.63
2.19
1.17
3.33
2.61
1.12
2.94
3.06
1.29
2.49
3.49
1.55
1.98
3.72
1.84
1.49
3.63
2.18
1.15
3.33
2.57
1.10
2.92
3.02
1.27
2.47
3.45
1.52
1.98
3.71
1.84
1.52
3.65
2.19
1.18
3.35
2.59
1.12
2.95
3.04
1.28
2.50
3.46
1.53
2.00
3.73
1.83
1.54
3.66
2.18
1.20
3.36
2.59
1.11
2.97
3.03
1.28
2.53
3.48
1.53
2.05
3.75
1.84
1.59
3.70
2.20
1.25
3.41
2.62
1.15
3.03
3.06
1.29
2.60
3.50
1.55
2.11
3.77
1.85
1.63
3.71
2.21
1.26
3.43
2.59
1.14
3.04
3.13
1.33
2.68
3.47
1.54
2.08
3.74
1.82
1.61
3.70
2.17
1.25
3.43
2.57
1.16
3.04
3.02
1.27
2.61
3.46
1.52
2.13
3.76
1.82
1.65
3.73
2.17
1.28
3.45
2.58
1.15
3.08
3.02
1.27
2.64
3.46
1.52
2.15
3.75
1.81
1.69
3.73
2.15
1.27
3.44
2.52
1.11
3.05
2.95
1.24
2.61
3.39
1.48
2.13
3.71
1.77
1.65
3.71
2.13
1.28
3.46
2.52
1.13
3.08
2.95
1.24
2.64
3.38
1.48
2.15
3.71
1.78
1.67
3.72
2.11
1.29
3.47
2.50
1.13
3.10
2.94
1.26
2.67
3.38
1.48
2.19
3.72
1.77
1.71
3.74
2.12
1.32
3.50
2.51
1.15
3.12
2.93
1.23
2.68
3.37
1.46
2.20
3.72
1.76
1.73
3.75
2.09
1.32
3.49
2.49
1.16
3.19
3.02
1.27
2.72
3.35
1.45
2.23
3.71
1.74
1.74
3.75
2.09
1.34
3.52
2.48
1.15
3.17
2.91
1.23
2.74
3.36
1.45
2.26
3.71
1.74
1.77
3.76
2.08
1.36
3.54
2.47
1.16
3.19
2.91
1.25
2.77
3.36
1.46
2.29
3.70
1.73
1.78
3.77
2.05
1.35
3.54
2.43
1.14
3.18
2.86
1.21
2.77
3.31
1.43
2.29
3.68
1.71
1.80
3.77
2.04
1.38
3.56
2.42
1.15
3.21
2.85
1.19
2.79
3.30
1.42
2.32
3.69
1.70
1.83
3.77
2.03
1.39
3.57
2.43
1.15
3.21
2.84
1.20
2.82
3.29
1.41
2.34
3.67
1.69
1.82
3.76
2.01
1.38
3.56
2.38
1.14
3.22
2.80
1.17
2.80
3.24
1.38
2.31
3.61
1.65
1.91
3.84
2.10
1.43
3.57
2.34
1.13
3.22
2.78
1.17
2.82
3.24
1.39
2.36
3.65
1.67
1.88
3.78
2.00
1.45
3.61
2.39
1.18
3.27
2.82
1.19
2.87
3.27
1.39
2.41
3.67
1.68
1.93
3.82
2.01
1.49
3.64
2.39
1.21
3.30
2.82
1.20
2.89
3.27
1.39
2.42
3.66
1.66
1.94
3.81
1.99
1.51
3.65
2.38
1.21
3.32
2.83
1.20
2.91
3.25
1.38
2.44
3.65
1.65
1.94
3.79
1.97
1.49
3.64
2.34
1.20
3.31
2.77
1.18
2.93
3.22
1.37
2.46
3.64
1.64
1.98
3.81
1.97
1.53
3.67
2.36
1.23
3.35
2.76
1.18
2.92
3.16
1.34
2.41
3.53
1.58
1.90
3.72
1.88
1.44
3.60
2.24
1.13
3.27
2.62
1.12
2.94
3.26
1.41
2.46
3.48
1.55
1.91
3.72
1.88
1.47
3.63
2.25
1.17
3.32
2.68
1.16
2.95
3.15
1.33
2.50
3.57
1.60
2.00
3.78
1.91
1.53
3.67
2.27
1.21
3.36
2.68
1.16
2.97
3.13
1.32
2.51
3.55
1.58
2.03
3.77
1.89
1.52
3.67
2.23
1.19
3.35
2.63
1.13
2.95
3.08
1.30
2.51
3.52
1.56
2.02
3.77
1.88
1.56
3.69
2.23
1.22
3.38
2.64
1.14
3.01
3.08
1.30
2.54
3.52
1.58
2.06
3.77
1.87
1.58
3.70
2.22
1.23
3.40
2.63
1.14
3.01
3.07
1.30
2.56
3.51
1.55
2.09
3.78
1.87
1.61
3.71
2.22
1.24
3.41
2.62
1.14
3.02
3.06
1.29
2.58
3.49
1.54
2.08
3.78
1.83
1.62
3.74
2.27
1.30
3.45
2.56
1.11
3.00
3.01
1.26
2.56
3.44
1.51
2.06
3.73
1.81
1.59
3.70
2.15
1.22
3.39
2.55
1.11
3.01
2.99
1.26
2.57
3.44
1.51
2.09
3.74
1.82
1.63
3.72
2.21
1.27
3.44
2.59
1.14
3.06
3.02
1.27
2.61
3.44
1.51
2.10
3.73
1.82
1.62
3.70
2.15
1.25
3.43
2.54
1.12
3.05
2.98
1.25
2.61
3.43
1.50
2.13
3.75
1.80
1.66
3.72
2.15
1.28
3.46
2.55
1.14
3.09
2.99
1.26
2.65
3.43
1.50
2.17
3.75
1.80
1.68
3.74
2.15
1.30
3.48
2.56
1.15
3.11
2.99
1.25
2.67
3.42
1.49
2.18
3.75
1.79
1.71
3.75
2.14
1.33
3.49
2.52
1.14
3.11
3.01
1.27
2.77
3.45
1.49
2.17
3.72
1.76
1.72
3.74
2.12
1.31
3.50
2.51
1.14
3.13
2.96
1.24
2.70
3.41
1.48
2.21
3.74
1.77
1.73
3.76
2.14
1.33
3.51
2.51
1.15
3.15
2.95
1.24
2.73
3.40
1.47
2.24
3.74
1.76
1.75
3.76
2.09
1.32
3.51
2.47
1.13
3.14
2.90
1.22
2.72
3.36
1.48
2.25
3.72
1.75
1.76
3.78
2.10
1.36
3.54
2.50
1.16
3.19
2.94
1.25
2.77
3.39
1.46
2.29
3.76
1.75
1.79
3.78
2.08
1.35
3.54
2.45
1.13
3.17
2.87
1.20
2.74
3.35
1.43
2.26
3.70
1.72
1.79
3.78
2.07
1.38
3.55
2.47
1.17
3.22
2.94
1.24
2.82
3.40
1.47
2.35
3.76
1.75
1.84
3.80
2.08
1.47
3.63
2.55
1.19
3.20
2.86
1.20
2.78
3.33
1.43
2.31
3.70
1.72
1.82
3.78
2.05
1.40
3.57
2.43
1.15
3.23
2.84
1.19
2.79
3.30
1.42
2.31
3.68
1.73
1.81
3.78
2.04
1.40
3.57
2.42
1.16
3.22
2.85
1.20
2.80
3.28
1.41
2.30
3.65
1.68
1.79
3.75
1.99
1.36
3.54
2.38
1.13
3.21
2.81
1.18
2.79
3.25
1.39
2.31
3.64
1.67
1.81
3.77
1.99
1.38
3.57
2.38
1.14
3.22
2.80
1.20
2.80
3.25
1.39
2.33
3.66
1.67
1.84
3.77
2.00
1.41
3.58
2.38
1.15
3.25
2.82
1.19
2.83
3.26
1.39
2.35
3.65
1.67
1.86
3.78
1.99
1.42
3.60
2.38
1.16
3.26
2.81
1.18
2.84
3.35
1.44
2.53
3.72
1.69
1.89
3.81
2.04
1.51
3.65
2.43
1.19
3.27
2.77
1.16
2.83
3.20
1.36
2.34
3.59
1.63
1.83
3.74
1.96
1.40
3.58
2.34
1.15
3.28
2.77
1.17
2.85
3.23
1.37
2.39
3.64
1.65
1.89
3.78
1.98
1.44
3.61
2.35
1.16
3.26
2.77
1.17
2.85
3.22
1.37
2.39
3.64
1.66
1.92
3.81
1.99
1.47
3.63
2.37
1.19
3.30
2.80
1.19
2.89
3.25
1.37
2.44
3.69
1.67
1.95
3.81
1.99
1.50
3.64
2.36
1.19
3.30
2.78
1.18
2.89
3.25
1.37
2.43
3.65
1.66
1.96
3.81
1.99
1.50
3.65
2.36
1.19
3.30
2.77
1.17
2.89
3.20
1.36
2.40
3.58
1.61
1.88
3.75
1.94
1.52
3.67
2.37
1.17
3.27
2.69
1.14
2.86
3.14
1.33
2.39
3.57
1.60
1.91
3.75
1.93
1.45
3.64
2.30
1.17
3.29
2.73
1.16
2.90
3.18
1.36
2.44
3.60
1.63
1.95
3.78
1.95
1.50
3.65
2.32
1.20
3.33
2.74
1.17
2.92
3.18
1.35
2.45
3.59
1.62
1.96
3.79
1.94
1.51
3.65
2.31
1.20
3.33
2.74
1.17
2.94
3.19
1.35
2.49
3.62
1.63
2.00
3.80
1.94
1.52
3.67
2.30
1.21
3.35
2.74
1.17
2.95
3.16
1.34
2.49
3.58
1.60
2.00
3.78
1.91
1.52
3.66
2.27
1.18
3.32
2.61
1.12
2.91
3.04
1.29
2.47
3.50
1.56
2.05
3.80
1.95
1.67
3.75
2.33
1.37
3.52
2.88
1.31
3.19
3.19
1.34
2.59
3.53
1.57
2.09
3.77
1.88
1.61
3.70
2.20
1.22
3.38
2.58
1.11
2.91
2.96
1.25
2.35
3.31
1.47
1.77
3.55
1.77
1.37
3.53
2.17
1.14
3.26
2.59
1.13
2.88
3.04
1.30
2.44
3.48
1.56
1.95
3.67
1.85
1.44
3.56
2.17
1.07
3.07
2.44
1.03
2.31
2.63
1.12
1.72
3.00
1.40
1.38
3.27
1.76
1.14
3.23
2.18
1.09
2.98
2.61
1.14
2.59
3.05
1.34
2.15
3.39
1.60
1.67
3.50
1.91
1.32
3.37
2.23
1.12
3.05
2.59
1.13
2.57
2.91
1.26
2.03
3.18
1.47
1.53
3.31
1.74
1.19
3.25
2.06
1.03
2.92
2.36
1.03
2.49
2.95
1.31
2.38
3.25
1.47
1.52
3.27
1.72
1.25
3.32
2.13
1.11
3.07
2.49
1.10
2.64
2.89
1.25
2.17
3.29
1.54
1.80
3.59
1.98
1.63
3.68
2.65
1.65
3.62
3.31
1.71
3.40
3.73
1.82
3.00
3.91
2.00
2.43
3.91
2.22
1.80
3.70
2.42
1.35
3.30
2.64
1.24
2.74
2.90
1.28
2.18
3.17
1.47
1.63
3.26
1.72
1.25
3.18
2.00
1.09
2.97
2.40
1.09
2.58
2.80
1.23
2.11
3.14
1.47
1.67
3.32
1.75
1.30
3.24
2.06
1.10
2.97
2.42
1.09
2.54
2.75
1.20
2.07
3.07
1.42
1.57
3.20
1.67
1.21
3.12
1.96
1.04
2.88
2.30
1.04
2.48
2.64
1.14
1.87
2.79
1.28
1.65
3.44
1.95
1.29
2.89
1.72
0.91
2.67
2.10
0.93
2.33
2.52
1.11
1.92
2.94
1.35
1.53
3.17
1.66
1.23
3.19
1.99
1.08
2.96
2.38
1.09
2.61
2.81
1.25
2.20
3.23
1.52
1.85
3.50
1.92
1.57
3.54
2.31
1.32
3.27
2.65
1.23
2.80
2.96
1.31
2.29
3.27
1.52
1.78
3.40
1.80
1.37
3.32
2.09
1.14
3.04
2.43
1.11
2.64
2.80
1.23
2.13
3.09
1.43
1.66
3.28
1.73
1.34
3.28
2.08
1.15
3.06
2.46
1.13
2.67
2.85
1.26
2.22
3.19
1.49
1.74
3.35
1.76
1.38
3.32
2.09
1.16
3.07
2.44
1.12
2.64
2.79
1.22
2.16
3.10
1.46
1.69
3.28
1.71
1.29
3.19
1.96
1.13
3.15
2.74
1.29
2.70
2.68
1.17
2.15
3.08
1.42
1.73
3.33
1.74
1.40
3.36
2.09
1.21
3.18
2.51
1.16
2.68
2.75
1.23
2.22
3.14
1.45
1.71
3.29
1.68
1.34
3.31
2.03
1.16
3.11
2.43
1.14
2.75
2.83
1.25
2.28
3.15
1.45
1.74
3.30
1.69
1.33
3.26
1.99
1.13
3.06
2.38
1.11
2.73
2.80
1.23
2.30
3.21
1.48
1.88
3.44
1.79
1.46
3.40
2.08
1.19
3.14
2.43
1.13
2.76
2.82
1.24
2.33
3.21
1.48
1.88
3.45
1.80
1.52
3.48
2.19
1.30
3.29
2.59
1.24
2.93
3.02
1.35
2.49
3.36
1.58
1.97
3.50
1.83
1.51
3.46
2.14
1.24
3.21
2.48
1.16
2.79
2.81
1.23
2.23
3.14
1.46
2.05
3.60
1.88
1.43
3.34
2.04
1.19
3.18
2.45
1.15
2.81
2.86
1.26
2.36
3.22
1.48
1.89
3.42
1.75
1.47
3.43
2.10
1.24
3.25
2.54
1.21
2.92
2.98
1.32
2.48
3.32
1.53
1.97
3.48
1.79
1.50
3.45
2.11
1.23
3.22
2.46
1.14
2.81
2.80
1.22
2.30
3.12
1.41
1.78
3.31
1.68
1.39
3.34
2.02
1.17
3.16
2.41
1.13
2.85
2.85
1.26
2.40
3.24
1.49
1.94
3.46
1.78
1.51
3.44
2.10
1.24
3.24
2.46
1.16
2.84
2.83
1.24
2.36
3.18
1.46
1.88
3.41
1.74
1.50
3.46
2.11
1.26
3.26
2.49
1.19
2.88
2.88
1.28
2.44
3.26
1.51
1.97
3.49
1.80
1.53
3.46
2.10
1.29
3.35
2.78
1.40
3.12
2.90
1.26
2.42
3.26
1.50
1.96
3.46
1.76
1.54
3.48
2.11
1.26
3.27
2.47
1.17
2.89
2.84
1.25
2.41
3.20
1.46
1.95
3.46
1.77
1.57
3.51
2.15
1.32
3.34
2.55
1.23
2.98
2.94
1.30
2.49
3.25
1.48
1.94
3.41
1.72
1.45
3.38
2.00
1.18
3.18
2.37
1.11
2.83
2.78
1.22
2.41
3.19
1.45
1.96
3.45
1.75
1.55
3.48
2.10
1.28
3.31
2.48
1.19
2.96
2.87
1.27
2.48
3.22
1.47
1.96
3.42
1.72
1.50
3.43
2.04
1.24
3.26
2.44
1.17
2.94
2.85
1.28
2.48
3.22
1.46
2.00
3.45
1.74
1.54
3.47
2.05
1.24
3.26
2.37
1.14
2.88
2.91
1.33
2.75
3.29
1.45
1.89
3.34
1.66
1.51
3.45
2.02
1.25
3.29
2.42
1.16
2.96
2.83
1.25
2.51
3.21
1.45
2.03
3.47
1.74
1.60
3.52
2.09
1.31
3.36
2.48
1.21
3.03
2.92
1.29
2.61
3.30
1.50
2.11
3.53
1.77
1.63
3.53
2.06
1.27
3.31
2.39
1.14
2.94
2.78
1.21
2.49
3.17
1.42
2.01
3.44
1.72
1.57
3.49
2.03
1.27
3.35
2.40
1.16
2.98
2.81
1.23
2.54
3.21
1.45
2.06
3.47
1.72
1.60
3.51
2.03
1.28
3.34
2.40
1.17
3.00
2.82
1.24
2.54
3.18
1.42
2.04
3.45
1.69
1.60
3.51
2.02
1.28
3.35
2.40
1.15
2.98
2.76
1.20
2.56
3.39
1.57
2.35
3.53
1.69
1.51
3.45
1.98
1.26
3.33
2.37
1.15
3.00
2.78
1.21
2.55
3.17
1.41
2.05
3.43
1.68
1.60
3.51
2.01
1.30
3.37
2.40
1.17
3.04
2.83
1.25
2.61
3.23
1.44
2.14
3.51
1.72
1.66
3.56
2.03
1.30
3.36
2.37
1.17
2.99
2.74
1.20
2.54
3.12
1.37
2.05
3.42
1.66
1.59
3.49
1.98
1.27
3.34
2.35
1.15
3.01
2.75
1.21
2.58
3.17
1.40
2.12
3.47
1.69
1.64
3.53
2.03
1.30
3.37
2.38
1.17
3.04
2.78
1.22
2.62
3.19
1.42
2.13
3.46
1.71
1.64
3.52
2.00
1.30
3.37
2.36
1.16
3.04
2.74
1.20
2.54
3.11
1.39
2.35
3.74
1.92
1.68
3.46
1.91
1.24
3.32
2.32
1.15
3.01
2.74
1.21
2.59
3.15
1.39
2.11
3.44
1.68
1.64
3.52
1.99
1.30
3.37
2.37
1.18
3.05
2.80
1.24
2.65
3.24
1.45
2.21
3.54
1.74
1.76
3.61
2.08
1.38
3.44
2.42
1.21
3.07
2.77
1.22
2.59
3.13
1.39
2.08
3.41
1.65
1.64
3.49
1.97
1.30
3.36
2.34
1.16
3.04
2.76
1.22
2.61
3.18
1.41
2.17
3.46
1.68
1.68
3.53
2.00
1.32
3.38
2.37
1.18
3.04
2.76
1.22
2.61
3.16
1.41
2.15
3.46
1.68
1.67
3.52
1.98
1.31
3.36
2.34
1.16
3.04
2.74
1.22
2.60
3.12
1.39
2.07
3.35
1.61
1.84
3.78
2.39
1.53
3.41
2.20
1.09
2.96
2.64
1.15
2.53
3.04
1.35
2.06
3.37
1.63
1.62
3.48
1.95
1.30
3.35
2.32
1.15
3.03
2.72
1.20
2.62
3.15
1.40
2.17
3.46
1.68
1.72
3.56
2.01
1.35
3.41
2.37
1.20
3.08
2.75
1.22
2.61
3.10
1.37
2.09
3.36
1.61
1.61
3.45
1.93
1.28
3.35
2.29
1.15
3.03
2.69
1.19
2.60
3.09
1.37
2.13
3.39
1.64
1.67
3.49
1.96
1.32
3.39
2.32
1.17
3.06
2.72
1.21
2.63
3.11
1.40
2.16
3.42
1.65
1.70
3.52
1.98
1.36
3.42
2.35
1.19
3.08
2.72
1.22
2.63
3.10
1.38
2.16
3.41
1.64
1.70
3.51
1.96
1.31
3.34
2.25
1.17
3.14
3.09
1.45
2.89
3.04
1.30
2.03
3.30
1.58
1.62
3.45
1.91
1.30
3.35
2.29
1.16
3.06
2.71
1.20
2.63
3.09
1.37
2.16
3.40
1.64
1.72
3.53
1.98
1.38
3.43
2.36
1.22
3.13
2.76
1.24
2.72
3.16
1.40
2.21
3.44
1.66
1.72
3.50
1.97
1.33
3.36
2.27
1.16
3.05
2.64
1.17
2.61
3.05
1.35
2.15
3.36
1.62
1.69
3.49
1.94
1.34
3.39
2.30
1.19
3.09
2.69
1.23
2.65
3.08
1.37
2.17
3.39
1.62
1.70
3.49
1.93
1.34
3.38
2.29
1.18
3.08
2.68
1.21
2.66
3.08
1.36
2.19
3.38
1.62
1.70
3.48
1.92
1.33
3.37
2.27
1.17
3.07
2.67
1.19
2.65
3.05
1.34
2.12
3.31
1.58
1.93
3.76
2.28
1.46
3.33
2.15
1.11
3.02
2.59
1.16
2.61
3.01
1.32
2.15
3.34
1.59
1.70
3.48
1.91
1.34
3.38
2.27
1.18
3.09
2.67
1.21
2.72
3.11
1.38
2.26
3.43
1.68
1.79
3.54
1.96
1.41
3.43
2.31
1.21
3.12
2.66
1.19
2.65
3.01
1.34
2.14
3.29
1.57
1.67
3.43
1.88
1.33
3.37
2.25
1.21
3.11
2.67
1.21
2.70
3.07
1.37
2.23
3.39
1.62
1.76
3.51
1.93
1.38
3.40
2.27
1.20
3.10
2.64
1.19
2.68
3.03
1.34
2.20
3.35
1.59
1.76
3.49
1.92
1.40
3.42
2.30
1.22
3.13
2.67
1.21
2.70
3.03
1.34
2.20
3.33
1.58
1.73
3.46
1.90
1.36
3.37
2.20
1.15
3.06
2.73
1.33
3.04
3.20
1.42
2.08
3.18
1.50
1.65
3.40
1.83
1.33
3.35
2.20
1.18
3.10
2.61
1.18
2.70
3.02
1.33
2.22
3.33
1.58
1.76
3.48
1.90
1.41
3.43
2.26
1.22
3.16
2.68
1.21
2.74
3.04
1.34
2.26
3.35
1.59
1.78
3.48
1.88
1.37
3.38
2.21
1.17
3.09
2.57
1.16
2.68
2.98
1.31
2.23
3.31
1.57
1.77
3.47
1.88
1.40
3.43
2.23
1.21
3.14
2.62
1.20
2.75
3.02
1.34
2.26
3.33
1.57
1.78
3.48
1.88
1.40
3.41
2.21
1.20
3.13
2.60
1.21
2.73
2.99
1.32
2.27
3.32
1.56
1.77
3.46
1.85
1.38
3.39
2.18
1.19
3.12
2.58
1.19
2.74
2.98
1.32
2.24
3.29
1.54
1.97
3.72
2.19
1.55
3.41
2.11
1.14
3.09
2.54
1.15
2.70
2.97
1.30
2.26
3.30
1.55
1.80
3.47
1.85
1.42
3.41
2.20
1.21
3.16
2.59
1.19
2.77
3.01
1.33
2.33
3.35
1.58
1.86
3.51
1.88
1.46
3.45
2.23
1.23
3.18
2.59
1.19
2.75
2.94
1.29
2.25
3.25
1.52
1.76
3.42
1.81
1.40
3.39
2.16
1.20
3.15
2.55
1.17
2.77
2.95
1.30
2.30
3.29
1.55
1.83
3.47
1.85
1.44
3.43
2.18
1.22
3.21
2.57
1.19
2.79
2.96
1.31
2.32
3.30
1.54
1.85
3.48
1.85
1.47
3.46
2.19
1.23
3.19
2.55
1.17
2.77
2.92
1.29
2.30
3.26
1.52
1.83
3.44
1.79
1.40
3.38
2.16
1.36
3.41
2.86
1.29
2.70
2.80
1.22
2.27
3.22
1.50
1.80
3.43
1.80
1.44
3.42
2.17
1.23
3.20
2.57
1.18
2.80
2.93
1.29
2.34
3.29
1.53
1.88
3.48
1.84
1.49
3.46
2.20
1.26
3.23
2.57
1.20
2.84
2.96
1.31
2.37
3.28
1.52
1.85
3.43
1.81
1.41
3.39
2.11
1.19
3.16
2.49
1.16
2.81
2.90
1.28
2.35
3.26
1.52
1.88
3.47
1.81
1.48
3.45
2.16
1.24
3.22
2.53
1.19
2.84
2.92
1.30
2.37
3.26
1.51
1.89
3.45
1.80
1.48
3.45
2.14
1.24
3.23
2.52
1.18
2.83
2.88
1.27
2.35
3.22
1.48
1.86
3.42
1.76
1.46
3.41
2.09
1.19
3.17
2.47
1.22
3.02
3.25
1.45
2.32
3.13
1.42
1.83
3.39
1.74
1.47
3.39
2.07
1.21
3.21
2.48
1.16
2.84
2.87
1.27
2.38
3.23
1.49
1.92
3.46
1.78
1.52
3.48
2.15
1.28
3.29
2.55
1.22
2.93
2.94
1.30
2.48
3.30
1.52
2.00
3.50
1.81
1.53
3.47
2.09
1.23
3.22
2.42
1.14
2.83
2.81
1.24
2.39
3.19
1.46
1.93
3.45
1.75
1.52
3.47
2.09
1.26
3.27
2.47
1.18
2.91
2.86
1.26
2.45
3.23
1.47
1.96
3.44
1.75
1.55
3.48
2.08
1.27
3.29
2.47
1.18
2.91
2.84
1.25
2.43
3.20
1.45
1.95
3.43
1.73
1.53
3.46
2.06
1.23
3.23
2.41
1.20
3.06
3.17
1.41
2.45
3.09
1.38
1.88
3.37
1.68
1.49
3.42
2.02
1.24
3.29
2.42
1.16
2.93
2.83
1.27
2.48
3.21
1.46
2.02
3.48
1.76
1.62
3.55
2.12
1.32
3.36
2.49
1.23
2.99
2.86
1.27
2.51
3.22
1.45
2.01
3.44
1.72
1.54
3.45
2.01
1.25
3.25
2.36
1.13
2.89
2.75
1.20
2.44
3.14
1.41
1.97
3.41
1.70
1.55
3.46
2.03
1.27
3.30
2.40
1.17
2.96
2.81
1.24
2.51
3.18
1.43
2.02
3.43
1.71
1.58
3.48
2.04
1.29
3.33
2.43
1.17
2.99
2.80
1.24
2.51
3.17
1.43
2.02
3.42
1.73
1.58
3.47
2.02
1.26
3.27
2.36
1.22
3.15
3.19
1.44
2.53
3.05
1.35
1.96
3.36
1.66
1.54
3.45
1.99
1.27
3.30
2.38
1.17
2.98
2.79
1.24
2.55
3.18
1.43
2.07
3.46
1.71
1.63
3.51
2.04
1.32
3.35
2.42
1.20
3.02
2.83
1.25
2.59
3.21
1.45
2.11
3.47
1.71
1.62
3.49
2.00
1.30
3.29
2.34
1.14
2.95
2.72
1.20
2.52
3.12
1.40
2.05
3.41
1.68
1.65
3.48
2.01
1.30
3.34
2.38
1.18
3.00
2.77
1.23
2.56
3.15
1.41
2.09
3.42
1.69
1.65
3.49
2.01
1.33
3.37
2.39
1.19
3.02
2.77
1.22
2.56
3.13
1.40
2.08
3.40
1.67
1.62
3.48
1.98
1.28
3.29
2.31
1.25
3.23
3.22
1.45
2.58
2.99
1.31
2.01
3.33
1.64
1.57
3.43
1.95
1.28
3.33
2.33
1.16
3.01
2.73
1.21
2.57
3.12
1.40
2.10
3.41
1.67
1.66
3.53
2.00
1.34
3.38
2.39
1.21
3.06
2.78
1.24
2.62
3.16
1.42
2.13
3.42
1.67
1.65
3.47
1.96
1.30
3.31
2.30
1.15
3.00
2.69
1.19
2.57
3.09
1.38
2.10
3.38
1.65
1.65
3.48
1.97
1.32
3.35
2.36
1.18
3.04
2.74
1.23
2.65
3.14
1.40
2.14
3.41
1.66
1.68
3.49
1.98
1.34
3.37
2.35
1.20
3.07
2.73
1.22
2.62
3.11
1.38
2.14
3.39
1.65
1.68
3.52
1.97
1.33
3.36
2.28
1.15
3.02
2.95
1.43
3.04
3.22
1.40
2.01
3.30
1.59
1.61
3.43
1.90
1.29
3.32
2.26
1.16
3.02
2.66
1.18
2.61
3.07
1.35
2.14
3.38
1.63
1.69
3.50
1.97
1.37
3.41
2.35
1.21
3.11
2.75
1.23
2.67
3.13
1.39
2.18
3.41
1.65
1.71
3.49
1.94
1.32
3.35
2.26
1.15
3.03
2.64
1.17
2.60
3.04
1.34
2.16
3.35
1.61
1.68
3.48
1.96
1.34
3.38
2.29
1.18
3.08
2.69
1.21
2.68
3.09
1.37
2.18
3.39
1.65
1.72
3.50
1.94
1.36
3.40
2.30
1.19
3.09
2.69
1.21
2.68
3.08
1.39
2.18
3.36
1.61
1.69
3.48
1.92
1.34
3.38
2.27
1.18
3.08
2.63
1.17
2.61
3.03
1.36
2.46
3.69
1.82
1.67
3.37
1.82
1.30
3.34
2.23
1.15
3.05
2.62
1.17
2.65
3.04
1.34
2.18
3.36
1.60
1.73
3.49
1.92
1.37
3.40
2.29
1.21
3.13
2.71
1.22
2.72
3.10
1.38
2.24
3.40
1.63
1.76
3.52
1.94
1.39
3.42
2.29
1.19
3.10
2.63
1.18
2.65
3.00
1.32
2.17
3.32
1.57
1.70
3.46
1.91
1.35
3.38
2.25
1.18
3.11
2.64
1.19
2.70
3.05
1.35
2.23
3.37
1.60
1.76
3.50
1.91
1.38
3.42
2.26
1.20
3.13
2.65
1.22
2.71
3.04
1.35
2.23
3.37
1.60
1.77
3.50
1.91
1.40
3.43
2.26
1.21
3.13
2.63
1.18
2.70
3.04
1.33
2.22
3.34
1.58
1.75
3.48
1.88
1.35
3.37
2.21
1.27
3.30
3.02
1.35
2.67
2.91
1.28
2.21
3.31
1.56
1.74
3.46
1.87
1.37
3.40
2.23
1.19
3.13
2.62
1.19
2.74
3.03
1.33
2.26
3.36
1.61
1.81
3.53
1.92
1.44
3.48
2.28
1.24
3.19
2.67
1.22
2.78
3.05
1.37
2.29
3.36
1.58
1.77
3.49
1.86
1.36
3.39
2.18
1.16
3.11
2.57
1.16
2.71
2.98
1.31
2.25
3.32
1.56
1.78
3.48
1.87
1.40
3.43
2.23
1.21
3.17
2.61
1.19
2.76
3.02
1.33
2.28
3.36
1.57
1.80
3.49
1.87
1.44
3.43
2.22
1.20
3.16
2.60
1.19
2.76
3.01
1.33
2.31
3.36
1.57
1.82
3.49
1.86
1.41
3.42
2.21
1.20
3.18
2.59
1.18
2.75
2.99
1.31
2.25
3.28
1.53
1.93
3.69
2.14
1.55
3.45
2.11
1.14
3.11
2.54
1.15
2.73
2.95
1.30
2.27
3.30
1.54
1.82
3.49
1.86
1.42
3.45
2.20
1.21
3.20
2.61
1.20
2.81
3.03
1.34
2.36
3.38
1.58
1.88
3.54
1.89
1.47
3.48
2.23
1.26
3.22
2.60
1.19
2.79
2.96
1.30
2.28
3.27
1.52
1.78
3.45
1.81
1.40
3.41
2.16
1.19
3.17
2.55
1.16
2.78
2.98
1.30
2.32
3.32
1.54
1.84
3.50
1.84
1.47
3.46
2.19
1.22
3.20
2.57
1.18
2.80
2.97
1.30
2.33
3.32
1.54
1.85
3.49
1.83
1.44
3.45
2.18
1.22
3.21
2.58
1.18
2.82
2.99
1.31
2.39
3.32
1.54
1.86
3.48
1.84
1.44
3.44
2.17
1.21
3.20
2.55
1.17
2.79
2.90
1.27
2.34
3.46
1.68
2.19
3.59
1.80
1.37
3.38
2.13
1.18
3.18
2.51
1.16
2.80
2.93
1.31
2.35
3.30
1.52
1.87
3.49
1.82
1.46
3.47
2.17
1.24
3.24
2.57
1.20
2.86
2.99
1.31
2.42
3.34
1.55
1.92
3.52
1.84
1.50
3.49
2.18
1.24
3.23
2.54
1.17
2.81
2.90
1.27
2.33
3.25
1.49
1.84
3.45
1.80
1.44
3.44
2.14
1.21
3.22
2.52
1.17
2.83
2.93
1.28
2.38
3.29
1.52
1.90
3.49
1.81
1.48
3.48
2.16
1.23
3.24
2.53
1.18
2.85
2.93
1.29
2.39
3.29
1.52
1.90
3.49
1.81
1.48
3.47
2.15
1.24
3.25
2.56
1.19
2.87
2.94
1.29
2.39
3.27
1.50
1.90
3.48
1.79
1.48
3.46
2.13
1.22
3.22
2.47
1.14
2.83
3.07
1.41
2.74
3.36
1.51
1.81
3.41
1.76
1.45
3.43
2.11
1.21
3.23
2.50
1.16
2.86
2.92
1.28
2.41
3.28
1.51
1.93
3.49
1.79
1.51
3.49
2.16
1.26
3.28
2.55
1.20
2.91
2.96
1.30
2.46
3.32
1.53
1.97
3.51
1.81
1.52
3.48
2.13
1.23
3.24
2.46
1.14
2.83
2.84
1.25
2.37
3.22
1.47
1.90
3.46
1.77
1.49
3.47
2.11
1.24
3.26
2.50
1.17
2.90
2.92
1.28
2.45
3.30
1.51
1.97
3.50
1.79
1.53
3.49
2.12
1.24
3.26
2.49
1.16
2.89
2.91
1.26
2.42
3.25
1.48
1.94
3.47
1.76
1.52
3.48
2.10
1.25
3.27
2.50
1.18
2.90
2.87
1.26
2.41
3.22
1.46
1.93
3.45
1.75
1.51
3.46
2.10
1.22
3.24
2.42
1.14
2.88
3.01
1.37
2.73
3.27
1.45
1.87
3.40
1.75
1.49
3.45
2.07
1.23
3.26
2.45
1.16
2.91
2.87
1.26
2.46
3.24
1.47
1.96
3.47
1.76
1.55
3.50
2.12
1.29
3.33
2.53
1.21
2.99
2.94
1.30
2.54
3.31
1.52
2.05
3.52
1.79
1.57
3.50
2.09
1.25
3.27
2.42
1.14
2.88
2.80
1.24
2.42
3.18
1.44
1.94
3.43
1.73
1.52
3.48
2.06
1.25
3.28
2.44
1.16
2.93
2.85
1.27
2.49
3.24
1.47
2.00
3.48
1.75
1.56
3.50
2.08
1.27
3.30
2.45
1.17
2.94
2.85
1.25
2.49
3.23
1.46
2.01
3.48
1.75
1.57
3.51
2.07
1.28
3.29
2.42
1.16
2.93
2.82
1.23
2.47
3.20
1.45
1.96
3.40
1.69
1.52
3.51
2.18
1.50
3.51
2.43
1.13
2.84
2.75
1.20
2.44
3.17
1.42
1.97
3.43
1.72
1.55
3.48
2.05
1.27
3.30
2.45
1.16
2.94
2.83
1.24
2.51
3.23
1.46
2.06
3.49
1.75
1.62
3.54
2.10
1.31
3.36
2.48
1.20
3.03
2.86
1.26
2.53
3.21
1.44
2.00
3.42
1.70
1.53
3.45
2.01
1.24
3.28
2.38
1.14
2.94
2.80
1.23
2.51
3.19
1.44
2.03
3.45
1.72
1.59
3.51
2.05
1.29
3.33
2.43
1.18
2.99
2.83
1.26
2.54
3.21
1.45
2.05
3.48
1.72
1.60
3.51
2.05
1.29
3.33
2.41
1.18
2.98
2.82
1.25
2.55
3.21
1.45
2.08
3.47
1.72
1.63
3.50
2.03
1.29
3.33
2.42
1.17
2.98
2.82
1.23
2.53
3.15
1.41
1.99
3.44
1.74
1.89
3.72
2.17
1.27
3.23
2.30
1.11
2.94
2.74
1.20
2.50
3.14
1.41
2.05
3.43
1.69
1.60
3.49
2.04
1.29
3.33
2.39
1.17
3.00
2.80
1.24
2.58
3.21
1.44
2.12
3.48
1.76
1.67
3.55
2.06
1.34
3.41
2.42
1.20
3.04
2.79
1.23
2.54
3.12
1.39
2.02
3.38
1.65
1.56
3.46
1.97
1.27
3.31
2.35
1.15
3.00
2.76
1.22
2.57
3.16
1.42
2.09
3.44
1.69
1.63
3.51
2.01
1.32
3.36
2.38
1.18
3.03
2.78
1.23
2.59
3.18
1.41
2.10
3.44
1.69
1.64
3.51
2.01
1.31
3.36
2.37
1.18
3.03
2.78
1.24
2.60
3.18
1.42
2.12
3.44
1.68
1.64
3.49
1.98
1.30
3.34
2.35
1.17
3.02
2.74
1.21
2.56
3.08
1.36
2.07
3.55
1.87
2.03
3.68
1.99
1.24
3.28
2.30
1.14
2.99
2.70
1.19
2.56
3.11
1.40
2.10
3.42
1.67
1.66
3.52
1.98
1.31
3.37
2.35
1.18
3.05
2.77
1.23
2.64
3.19
1.43
2.18
3.48
1.71
1.73
3.57
2.03
1.37
3.41
2.38
1.20
3.05
2.73
1.20
2.57
3.07
1.36
2.07
3.36
1.62
1.62
3.46
1.94
1.30
3.34
2.31
1.16
3.04
2.72
1.20
2.61
3.12
1.38
2.14
3.41
1.66
1.68
3.51
1.97
1.33
3.38
2.34
1.18
3.06
2.72
1.21
2.62
3.11
1.41
2.14
3.41
1.65
1.68
3.50
1.96
1.33
3.37
2.33
1.18
3.07
2.73
1.22
2.64
3.13
1.40
2.17
3.42
1.65
1.68
3.49
1.95
1.32
3.37
2.31
1.17
3.06
2.70
1.20
2.62
3.06
1.35
2.09
3.42
1.70
2.01
3.73
2.08
1.31
3.29
2.23
1.13
3.03
2.69
1.18
2.61
3.06
1.36
2.17
3.38
1.63
1.71
3.50
1.95
1.34
3.38
2.31
1.18
3.09
2.72
1.22
2.71
3.14
1.40
2.22
3.45
1.67
1.76
3.55
1.98
1.39
3.43
2.34
1.21
3.11
2.69
1.20
2.64
3.04
1.34
2.13
3.33
1.58
1.66
3.47
1.89
1.31
3.36
2.26
1.17
3.07
2.66
1.20
2.65
3.06
1.36
2.18
3.41
1.62
1.72
3.51
1.94
1.36
3.40
2.29
1.19
3.10
2.68
1.19
2.68
3.09
1.36
2.20
3.39
1.62
1.74
3.51
1.93
1.37
3.41
2.28
1.19
3.11
2.67
1.20
2.69
3.07
1.35
2.24
3.40
1.62
1.75
3.51
1.92
1.36
3.39
2.26
1.18
3.10
2.65
1.19
2.69
3.05
1.34
2.19
3.32
1.57
1.70
3.55
2.06
1.72
3.66
2.31
1.16
3.04
2.59
1.16
2.65
3.00
1.32
2.19
3.34
1.58
1.74
3.49
1.90
1.38
3.42
2.26
1.21
3.14
2.65
1.20
2.73
3.07
1.36
2.28
3.40
1.62
1.81
3.55
1.94
1.43
3.46
2.29
1.23
3.17
2.67
1.21
2.74
3.04
1.32
2.23
3.32
1.56
1.73
3.45
1.85
1.35
3.38
2.20
1.17
3.11
2.60
1.17
2.71
3.00
1.32
2.23
3.33
1.57
1.78
3.49
1.88
1.40
3.43
2.24
1.21
3.16
2.63
1.19
2.75
3.02
1.33
2.27
3.34
1.57
1.79
3.49
1.86
1.40
3.43
2.21
1.20
3.16
2.61
1.18
2.76
3.02
1.33
2.30
3.35
1.58
1.84
3.53
1.89
1.43
3.45
2.22
1.21
3.16
2.58
1.17
2.74
2.98
1.30
2.27
3.31
1.54
1.76
3.44
1.81
1.40
3.49
2.43
1.43
3.38
2.56
1.13
2.67
2.93
1.29
2.26
3.29
1.53
1.81
3.48
1.84
1.42
3.44
2.20
1.21
3.19
2.59
1.17
2.78
2.98
1.31
2.35
3.35
1.56
1.88
3.53
1.88
1.49
3.48
2.23
1.25
3.24
2.62
1.21
2.83
3.01
1.32
2.34
3.30
1.53
1.81
3.45
1.81
1.39
3.38
2.12
1.16
3.14
2.49
1.14
2.75
2.90
1.27
2.30
3.27
1.52
1.85
3.48
1.83
1.46
3.47
2.18
1.23
3.23
2.57
1.18
2.83
2.96
1.30
2.36
3.29
1.52
1.87
3.48
1.82
1.46
3.46
2.16
1.23
3.22
2.54
1.18
2.83
2.96
1.29
2.38
3.30
1.52
1.91
3.51
1.84
1.50
3.48
2.17
1.23
3.23
2.52
1.17
2.83
2.92
1.28
2.37
3.27
1.51
1.89
3.46
1.77
1.44
3.47
2.27
1.48
3.51
2.61
1.18
2.77
2.85
1.25
2.35
3.23
1.49
1.88
3.46
1.79
1.48
3.47
2.14
1.24
3.25
2.51
1.18
2.87
2.91
1.28
2.41
3.27
1.51
1.95
3.49
1.80
1.53
3.51
2.16
1.27
3.29
2.54
1.20
2.91
2.92
1.29
2.44
3.26
1.49
1.91
3.44
1.75
1.47
3.43
2.07
1.21
3.22
2.44
1.14
2.85
2.84
1.25
2.40
3.22
1.47
1.93
3.45
1.76
1.51
3.47
2.10
1.25
3.26
2.47
1.17
2.90
2.88
1.27
2.45
3.24
1.47
1.98
3.46
1.75
1.52
3.47
2.11
1.25
3.27
2.46
1.17
2.91
2.86
1.26
2.47
3.25
1.48
1.99
3.47
1.75
1.54
3.47
2.07
1.25
3.27
2.43
1.16
2.94
2.83
1.25
2.47
3.19
1.46
1.93
3.41
1.74
1.75
3.72
2.29
1.29
3.21
2.34
1.12
2.89
2.79
1.22
2.45
3.21
1.44
2.00
3.46
1.74
1.57
3.49
2.07
1.30
3.31
2.43
1.18
2.96
2.85
1.26
2.52
3.24
1.47
2.07
3.49
1.76
1.62
3.53
2.09
1.32
3.35
2.46
1.19
2.98
2.83
1.24
2.50
3.16
1.42
2.00
3.39
1.68
1.53
3.44
2.00
1.25
3.28
2.38
1.15
2.95
2.78
1.22
2.54
3.17
1.42
2.04
3.44
1.71
1.61
3.50
2.04
1.30
3.34
2.40
1.18
2.99
2.79
1.23
2.55
3.17
1.45
2.06
3.43
1.69
1.61
3.49
2.02
1.30
3.36
2.41
1.19
3.02
2.78
1.26
2.55
3.14
1.41
2.06
3.41
1.68
1.61
3.48
2.00
1.29
3.31
2.32
1.14
2.98
2.95
1.39
2.92
3.21
1.40
1.98
3.35
1.64
1.58
3.46
1.96
1.29
3.33
2.35
1.17
3.02
2.75
1.22
2.60
3.14
1.40
2.13
3.42
1.67
1.67
3.51
2.00
1.34
3.38
2.37
1.21
3.07
2.79
1.24
2.66
3.17
1.41
2.16
3.43
1.67
1.66
3.48
1.95
1.29
3.33
2.28
1.14
3.00
2.66
1.18
2.56
3.06
1.35
2.09
3.37
1.63
1.65
3.48
1.95
1.32
3.37
2.32
1.20
3.06
2.72
1.21
2.65
3.14
1.39
2.17
3.44
1.65
1.70
3.50
1.95
1.33
3.37
2.30
1.17
3.06
2.72
1.21
2.65
3.09
1.37
2.16
3.37
1.62
1.70
3.48
1.93
1.34
3.38
2.31
1.18
3.09
2.67
1.18
2.63
3.06
1.38
2.45
3.68
1.81
1.66
3.40
1.85
1.30
3.36
2.25
1.16
3.08
2.66
1.19
2.67
3.08
1.36
2.22
3.40
1.63
1.76
3.52
1.95
1.40
3.44
2.32
1.23
3.17
2.74
1.24
2.77
3.14
1.40
2.31
3.46
1.66
1.83
3.57
1.97
1.43
3.49
2.30
1.22
3.14
2.66
1.20
2.70
3.03
1.33
2.21
3.34
1.58
1.75
3.49
1.90
1.38
3.42
2.25
1.20
3.14
2.64
1.19
2.72
3.03
1.34
2.25
3.36
1.58
1.77
3.50
1.89
1.40
3.44
2.25
1.21
3.17
2.64
1.21
2.77
3.05
1.34
2.28
3.34
1.57
1.76
3.47
1.85
1.38
3.40
2.19
1.18
3.14
2.58
1.16
2.70
2.92
1.28
2.38
3.59
1.81
2.02
3.51
1.80
1.34
3.37
2.14
1.15
3.12
2.51
1.14
2.72
2.92
1.28
2.26
3.27
1.52
1.80
3.47
1.82
1.42
3.43
2.17
1.20
3.20
2.56
1.18
2.82
2.98
1.30
2.37
3.34
1.54
1.90
3.53
1.85
1.49
3.48
2.19
1.22
3.22
2.53
1.16
2.81
2.90
1.26
2.32
3.25
1.49
1.86
3.47
1.78
1.46
3.47
2.15
1.23
3.25
2.53
1.17
2.87
2.95
1.30
2.43
3.32
1.55
1.96
3.53
1.82
1.52
3.51
2.16
1.25
3.28
2.54
1.19
2.91
2.94
1.29
2.43
3.28
1.50
1.93
3.48
1.78
1.50
3.49
2.11
1.23
3.26
2.45
1.14
2.83
2.89
1.30
2.69
3.51
1.61
1.91
3.40
1.70
1.46
3.45
2.06
1.22
3.25
2.44
1.14
2.90
2.86
1.25
2.46
3.26
1.48
1.99
3.50
1.77
1.55
3.52
2.11
1.28
3.33
2.51
1.19
2.98
2.92
1.28
2.55
3.29
1.49
2.04
3.51
1.77
1.57
3.51
2.07
1.24
3.28
2.41
1.13
2.90
2.79
1.21
2.45
3.18
1.42
1.97
3.44
1.72
1.55
3.49
2.04
1.25
3.30
2.42
1.16
2.96
2.83
1.24
2.52
3.22
1.45
2.05
3.48
1.74
1.60
3.53
2.07
1.30
3.37
2.45
1.22
3.01
2.83
1.24
2.54
3.20
1.43
2.05
3.46
1.71
1.60
3.52
2.03
1.28
3.31
2.35
1.16
3.08
3.08
1.40
2.73
3.17
1.39
1.99
3.41
1.67
1.61
3.49
1.99
1.29
3.36
2.38
1.16
3.03
2.79
1.22
2.59
3.18
1.42
2.12
3.48
1.70
1.67
3.57
2.04
1.35
3.43
2.43
1.21
3.10
2.83
1.25
2.66
3.23
1.43
2.17
3.48
1.69
1.65
3.52
1.97
1.28
3.35
2.30
1.13
3.01
2.69
1.17
2.57
3.09
1.37
2.11
3.41
1.64
1.65
3.52
1.96
1.31
3.39
2.34
1.17
3.08
2.75
1.23
2.65
3.15
1.40
2.18
3.47
1.66
1.72
3.56
1.99
1.34
3.42
2.34
1.19
3.09
2.72
1.20
2.66
3.12
1.37
2.17
3.43
1.63
1.67
3.49
1.90
1.29
3.41
2.47
1.36
3.33
2.72
1.18
2.59
3.04
1.33
2.16
3.38
1.60
1.69
3.51
1.93
1.34
3.41
2.29
1.17
3.11
2.69
1.19
2.71
3.10
1.36
2.24
3.45
1.65
1.80
3.60
1.98
1.43
3.49
2.36
1.24
3.22
2.76
1.23
2.77
3.14
1.41
2.26
3.42
1.61
1.74
3.52
1.90
1.34
3.43
2.24
1.16
3.12
2.65
1.18
2.72
3.07
1.35
2.26
3.41
1.61
1.78
3.54
1.92
1.39
3.46
2.27
1.20
3.18
2.67
1.20
2.77
3.09
1.36
2.31
3.43
1.62
1.84
3.59
1.94
1.45
3.50
2.29
1.23
3.19
2.64
1.18
2.74
3.04
1.31
2.25
3.37
1.56
1.77
3.50
1.85
1.36
3.39
2.17
1.29
3.37
3.01
1.33
2.72
2.88
1.25
2.20
3.28
1.52
1.74
3.46
1.82
1.35
3.41
2.17
1.16
3.15
2.57
1.15
2.73
2.96
1.29
2.28
3.32
1.54
1.82
3.53
1.87
1.45
3.50
2.26
1.25
3.26
2.66
1.22
2.85
3.07
1.34
2.38
3.37
1.59
1.83
3.50
1.83
1.40
3.43
2.16
1.17
3.18
2.55
1.16
2.82
2.98
1.30
2.34
3.34
1.55
1.87
3.53
1.88
1.46
3.49
2.20
1.23
3.24
2.60
1.19
2.85
3.01
1.34
2.39
3.37
1.56
1.91
3.56
1.87
1.51
3.52
2.22
1.26
3.27
2.61
1.21
2.89
3.03
1.35
2.42
3.37
1.55
1.94
3.57
1.86
1.50
3.51
2.18
1.26
3.25
2.54
1.16
2.84
2.94
1.29
2.38
3.31
1.52
1.88
3.47
1.76
1.39
3.46
2.31
1.52
3.55
2.65
1.16
2.72
2.82
1.22
2.30
3.20
1.46
1.83
3.44
1.76
1.45
3.45
2.13
1.21
3.23
2.49
1.15
2.86
2.88
1.26
2.39
3.26
1.49
1.93
3.51
1.81
1.52
3.51
2.16
1.26
3.31
2.55
1.19
2.92
2.94
1.30
2.44
3.26
1.49
1.91
3.46
1.76
1.47
3.45
2.08
1.21
3.24
2.45
1.14
2.87
2.87
1.28
2.42
3.25
1.48
1.95
3.48
1.76
1.52
3.49
2.10
1.24
3.29
2.48
1.18
2.91
2.88
1.26
2.46
3.26
1.48
1.97
3.48
1.75
1.53
3.50
2.10
1.27
3.29
2.47
1.17
2.93
2.87
1.26
2.48
3.26
1.47
1.99
3.49
1.76
1.56
3.51
2.10
1.27
3.31
2.46
1.17
2.94
2.86
1.26
2.50
3.24
1.46
2.00
3.47
1.74
1.54
3.49
2.07
1.26
3.31
2.44
1.16
2.93
2.79
1.22
2.53
3.44
1.62
2.29
3.52
1.70
1.50
3.45
2.03
1.24
3.29
2.39
1.15
2.95
2.81
1.23
2.50
3.20
1.44
2.03
3.46
1.72
1.58
3.50
2.05
1.28
3.33
2.43
1.18
3.00
2.85
1.28
2.57
3.25
1.47
2.09
3.50
1.74
1.63
3.53
2.06
1.29
3.34
2.39
1.15
2.96
2.76
1.21
2.50
3.16
1.40
2.02
3.42
1.68
1.58
3.48
2.01
1.30
3.33
2.38
1.16
3.00
2.79
1.23
2.57
3.18
1.43
2.09
3.46
1.71
1.65
3.52
2.02
1.30
3.36
2.39
1.17
3.02
2.78
1.23
2.58
3.17
1.41
2.11
3.45
1.69
1.64
3.51
2.00
1.31
3.36
2.38
1.18
3.04
2.77
1.22
2.59
3.16
1.40
2.12
3.44
1.68
1.65
3.51
1.99
1.31
3.38
2.36
1.18
3.05
2.76
1.22
2.62
3.17
1.44
2.14
3.44
1.67
1.67
3.53
1.98
1.32
3.37
2.35
1.17
3.05
2.72
1.20
2.56
3.08
1.37
2.35
3.71
1.85
1.67
3.45
1.91
1.30
3.35
2.30
1.15
3.04
2.70
1.20
2.61
3.12
1.38
2.14
3.41
1.64
1.68
3.50
1.96
1.33
3.39
2.32
1.18
3.08
2.73
1.22
2.67
3.15
1.40
2.21
3.46
1.67
1.76
3.56
1.99
1.39
3.43
2.34
1.19
3.09
2.68
1.19
2.62
3.05
1.34
2.14
3.37
1.61
1.69
3.49
1.93
1.34
3.39
2.29
1.18
3.11
2.68
1.19
2.67
3.08
1.37
2.19
3.39
1.61
1.73
3.52
1.94
1.37
3.42
2.30
1.20
3.14
2.70
1.24
2.71
3.09
1.37
2.23
3.43
1.62
1.75
3.53
1.93
1.39
3.43
2.28
1.20
3.13
2.68
1.20
2.72
3.09
1.36
2.23
3.38
1.60
1.75
3.51
1.91
1.40
3.42
2.25
1.18
3.12
2.66
1.18
2.71
3.04
1.33
2.23
3.36
1.58
1.77
3.51
1.90
1.38
3.42
2.24
1.18
3.13
2.62
1.18
2.73
3.04
1.34
2.27
3.36
1.57
1.75
3.48
1.87
1.54
3.62
2.53
1.29
3.13
2.54
1.14
2.72
2.98
1.30
2.24
3.32
1.55
1.78
3.49
1.87
1.40
3.44
2.22
1.19
3.16
2.60
1.18
2.76
3.01
1.34
2.31
3.36
1.58
1.85
3.54
1.89
1.46
3.49
2.25
1.24
3.24
2.64
1.23
2.83
3.03
1.32
2.32
3.32
1.54
1.79
3.46
1.82
1.38
3.42
2.15
1.17
3.16
2.54
1.18
2.77
2.95
1.29
2.31
3.31
1.53
1.84
3.50
1.84
1.44
3.47
2.18
1.21
3.22
2.57
1.18
2.82
2.98
1.30
2.36
3.33
1.54
1.88
3.52
1.84
1.47
3.49
2.19
1.23
3.24
2.57
1.18
2.84
2.97
1.30
2.38
3.33
1.53
1.90
3.52
1.83
1.48
3.49
2.18
1.23
3.25
2.54
1.17
2.84
2.95
1.29
2.41
3.32
1.52
1.91
3.50
1.80
1.46
3.47
2.14
1.21
3.24
2.53
1.17
2.88
2.94
1.28
2.37
3.26
1.49
2.03
3.70
2.05
1.60
3.48
2.06
1.16
3.19
2.48
1.14
2.83
2.88
1.25
2.38
3.26
1.49
1.91
3.48
1.78
1.49
3.49
2.13
1.23
3.27
2.52
1.18
2.90
2.95
1.29
2.47
3.32
1.52
1.99
3.55
1.82
1.56
3.55
2.17
1.28
3.31
2.52
1.17
2.90
2.88
1.25
2.39
3.23
1.46
1.89
3.45
1.74
1.46
3.46
2.07
1.21
3.25
2.45
1.15
2.89
2.90
1.26
2.45
3.27
1.48
1.97
3.49
1.77
1.53
3.50
2.11
1.25
3.29
2.50
1.17
2.92
2.89
1.27
2.47
3.27
1.49
2.00
3.50
1.77
1.55
3.51
2.10
1.26
3.30
2.48
1.17
2.97
2.88
1.26
2.48
3.26
1.47
2.00
3.49
1.76
1.55
3.51
2.09
1.27
3.31
2.48
1.18
2.98
2.88
1.26
2.49
3.25
1.49
1.99
3.48
1.74
1.55
3.49
2.07
1.26
3.32
2.43
1.14
2.89
2.80
1.25
2.69
3.59
1.69
2.02
3.39
1.67
1.51
3.46
2.03
1.23
3.28
2.41
1.15
2.94
2.83
1.24
2.50
3.22
1.45
2.02
3.47
1.73
1.57
3.50
2.07
1.28
3.33
2.46
1.22
3.00
2.88
1.27
2.57
3.28
1.48
2.09
3.52
1.76
1.62
3.55
2.08
1.30
3.32
2.40
1.15
2.93
2.77
1.21
2.47
3.16
1.42
2.00
3.44
1.71
1.58
3.50
2.04
1.28
3.34
2.42
1.18
2.99
2.82
1.24
2.54
3.20
1.44
2.06
3.47
1.72
1.62
3.51
2.05
1.30
3.35
2.42
1.18
3.00
2.82
1.24
2.56
3.20
1.44
2.08
3.47
1.72
1.63
3.52
2.04
1.30
3.36
2.42
1.19
3.03
2.82
1.24
2.61
3.20
1.43
2.11
3.48
1.72
1.67
3.56
2.06
1.34
3.39
2.43
1.20
3.05
2.85
1.27
2.65
3.26
1.47
2.17
3.51
1.73
1.65
3.50
1.98
1.34
3.46
2.67
1.36
3.18
2.70
1.17
2.51
3.08
1.37
2.04
3.37
1.64
1.60
3.48
1.97
1.29
3.36
2.34
1.15
3.02
2.74
1.20
2.58
3.13
1.39
2.12
3.44
1.68
1.67
3.53
2.00
1.34
3.43
2.39
1.20
3.10
2.81
1.25
2.67
3.19
1.42
2.17
3.44
1.65
1.63
3.50
1.94
1.28
3.34
2.29
1.14
3.03
2.70
1.19
2.60
3.13
1.39
2.17
3.48
1.70
1.77
3.63
2.07
1.43
3.49
2.42
1.22
3.12
2.78
1.23
2.67
3.16
1.40
2.17
3.45
1.66
1.71
3.57
1.98
1.37
3.45
2.41
1.26
3.21
2.95
1.35
2.91
3.49
1.60
2.57
3.80
1.94
2.15
3.87
2.29
1.69
3.69
2.63
1.38
3.31
2.96
1.33
2.81
3.21
1.41
2.18
3.38
1.59
1.60
3.43
1.86
1.23
3.29
2.20
1.07
2.95
2.50
1.08
2.46
3.05
1.37
2.39
3.42
1.58
1.53
3.37
1.82
1.22
3.29
2.18
1.09
3.04
2.60
1.13
2.60
3.02
1.32
2.13
3.35
1.59
1.66
3.48
1.89
1.30
3.39
2.25
1.14
3.07
2.63
1.16
2.63
3.02
1.33
2.13
3.32
1.56
1.64
3.47
1.85
1.27
3.32
2.17
1.08
2.99
2.51
1.12
2.54
2.90
1.26
2.06
3.25
1.51
1.60
3.44
1.83
1.27
3.33
2.19
1.12
3.04
2.57
1.13
2.61
2.97
1.30
2.14
3.31
1.55
1.67
3.46
1.86
1.31
3.37
2.21
1.14
3.08
2.61
1.16
2.68
3.04
1.32
2.21
3.38
1.58
1.74
3.51
1.89
1.36
3.43
2.25
1.18
3.14
2.66
1.19
2.74
3.10
1.36
2.31
3.43
1.62
1.81
3.55
1.91
1.39
3.46
2.28
1.19
3.16
2.65
1.19
2.74
3.03
1.32
2.21
3.39
1.61
2.04
3.72
2.03
1.37
3.38
2.18
1.15
3.13
2.60
1.16
2.74
3.02
1.32
2.26
3.37
1.58
1.79
3.53
1.89
1.39
3.45
2.23
1.18
3.17
2.62
1.17
2.76
3.04
1.35
2.31
3.40
1.60
1.85
3.58
1.93
1.46
3.51
2.29
1.23
3.23
2.66
1.20
2.79
3.03
1.32
2.30
3.37
1.57
1.81
3.56
1.87
1.41
3.47
2.23
1.22
3.20
2.62
1.19
2.79
3.04
1.33
2.32
3.39
1.57
1.85
3.55
1.89
1.45
3.49
2.24
1.22
3.22
2.64
1.19
2.81
3.04
1.33
2.35
3.39
1.57
1.86
3.55
1.87
1.44
3.48
2.22
1.21
3.22
2.61
1.17
2.82
3.02
1.32
2.36
3.38
1.57
1.87
3.55
1.88
1.44
3.48
2.20
1.21
3.22
2.60
1.18
2.83
3.01
1.31
2.33
3.32
1.52
1.89
3.63
2.02
1.66
3.60
2.17
1.17
3.19
2.57
1.17
2.81
2.98
1.30
2.36
3.35
1.55
1.88
3.54
1.86
1.47
3.50
2.20
1.22
3.26
2.60
1.19
2.86
3.03
1.33
2.41
3.39
1.57
1.93
3.57
1.88
1.51
3.53
2.23
1.25
3.27
2.61
1.19
2.86
2.97
1.30
2.35
3.29
1.50
1.84
3.49
1.80
1.42
3.45
2.14
1.19
3.22
2.53
1.16
2.83
2.95
1.28
2.38
3.33
1.53
1.90
3.54
1.83
1.48
3.50
2.17
1.23
3.26
2.56
1.17
2.86
2.98
1.29
2.39
3.33
1.52
1.93
3.52
1.82
1.48
3.49
2.15
1.22
3.25
2.54
1.17
2.86
2.95
1.29
2.41
3.32
1.52
1.92
3.52
1.80
1.48
3.49
2.15
1.22
3.26
2.54
1.17
2.88
2.94
1.30
2.38
3.26
1.48
2.05
3.73
2.08
1.60
3.51
2.09
1.19
3.24
2.49
1.14
2.85
2.90
1.26
2.40
3.29
1.50
1.93
3.51
1.79
1.52
3.51
2.15
1.24
3.28
2.54
1.20
2.91
2.96
1.30
2.47
3.34
1.52
1.99
3.56
1.82
1.57
3.54
2.17
1.26
3.31
2.53
1.18
2.90
2.90
1.26
2.41
3.25
1.47
1.92
3.47
1.75
1.47
3.48
2.09
1.22
3.27
2.49
1.15
2.89
2.89
1.26
2.44
3.27
1.49
1.96
3.51
1.78
1.53
3.52
2.13
1.25
3.30
2.51
1.18
2.93
2.91
1.27
2.47
3.29
1.50
1.98
3.51
1.78
1.54
3.52
2.12
1.25
3.30
2.50
1.17
2.95
2.91
1.27
2.49
3.29
1.50
1.99
3.51
1.77
1.53
3.51
2.10
1.25
3.31
2.48
1.17
2.94
2.88
1.26
2.44
3.22
1.45
2.10
3.71
2.02
1.67
3.53
2.04
1.22
3.28
2.45
1.14
2.91
2.85
1.24
2.48
3.26
1.47
2.00
3.50
1.76
1.56
3.52
2.09
1.26
3.32
2.48
1.18
2.98
2.90
1.27
2.54
3.30
1.49
2.06
3.54
1.78
1.61
3.56
2.12
1.30
3.37
2.48
1.18
2.97
2.84
1.24
2.48
3.20
1.44
1.98
3.45
1.71
1.53
3.49
2.04
1.24
3.30
2.42
1.16
2.95
2.83
1.24
2.51
3.23
1.45
2.03
3.51
1.74
1.58
3.53
2.07
1.28
3.35
2.45
1.19
2.99
2.85
1.25
2.54
3.25
1.45
2.06
3.50
1.74
1.60
3.55
2.07
1.28
3.35
2.44
1.17
2.99
2.85
1.25
2.55
3.24
1.45
2.06
3.48
1.72
1.58
3.52
2.05
1.28
3.34
2.44
1.16
2.99
2.82
1.23
2.53
3.18
1.42
2.20
3.71
1.93
1.62
3.49
2.00
1.26
3.33
2.39
1.15
2.98
2.80
1.22
2.55
3.21
1.43
2.07
3.48
1.72
1.61
3.53
2.04
1.30
3.38
2.42
1.18
3.04
2.85
1.25
2.61
3.25
1.45
2.13
3.53
1.74
1.67
3.57
2.07
1.32
3.40
2.42
1.20
3.02
2.78
1.22
2.54
3.14
1.40
2.04
3.43
1.67
1.59
3.50
1.99
1.28
3.34
2.38
1.16
3.02
2.80
1.22
2.58
3.18
1.42
2.12
3.48
1.70
1.65
3.55
2.05
1.31
3.38
2.39
1.17
3.05
2.81
1.23
2.61
3.19
1.42
2.12
3.47
1.69
1.66
3.54
2.02
1.32
3.40
2.40
1.18
3.05
2.79
1.22
2.60
3.17
1.40
2.12
3.45
1.68
1.65
3.53
2.00
1.29
3.36
2.33
1.18
3.10
2.98
1.34
2.75
3.14
1.37
2.05
3.44
1.65
1.63
3.51
1.97
1.30
3.38
2.36
1.16
3.06
2.76
1.21
2.62
3.17
1.40
2.16
3.48
1.69
1.70
3.57
2.02
1.36
3.43
2.39
1.20
3.11
2.81
1.24
2.67
3.19
1.41
2.18
3.47
1.68
1.69
3.53
1.96
1.30
3.37
2.33
1.14
3.03
2.69
1.18
2.59
3.09
1.36
2.12
3.41
1.63
1.66
3.52
1.96
1.32
3.39
2.33
1.17
3.11
2.74
1.21
2.65
3.14
1.38
2.17
3.44
1.65
1.70
3.54
1.97
1.33
3.43
2.33
1.17
3.09
2.73
1.21
2.66
3.14
1.39
2.20
3.48
1.67
1.73
3.56
1.98
1.35
3.42
2.33
1.20
3.10
2.73
1.20
2.67
3.13
1.38
2.17
3.40
1.61
1.69
3.59
2.09
1.59
3.59
2.31
1.14
3.03
2.70
1.17
2.63
3.08
1.35
2.17
3.41
1.63
1.70
3.53
1.95
1.33
3.41
2.31
1.17
3.10
2.72
1.20
2.69
3.14
1.38
2.22
3.47
1.66
1.77
3.58
1.98
1.38
3.46
2.35
1.21
3.15
2.74
1.21
2.72
3.10
1.36
2.17
3.39
1.61
1.69
3.50
1.91
1.32
3.39
2.27
1.16
3.09
2.68
1.18
2.68
3.09
1.37
2.21
3.42
1.62
1.74
3.54
1.95
1.37
3.44
2.31
1.19
3.13
2.71
1.20
2.71
3.11
1.37
2.22
3.42
1.62
1.74
3.53
1.93
1.36
3.43
2.29
1.18
3.13
2.70
1.20
2.72
3.10
1.37
2.23
3.40
1.61
1.73
3.52
1.91
1.34
3.42
2.27
1.17
3.12
2.67
1.17
2.65
3.01
1.32
2.39
3.70
1.86
1.82
3.49
1.85
1.32
3.39
2.27
1.15
3.10
2.65
1.17
2.72
3.07
1.34
2.23
3.41
1.61
1.76
3.54
1.92
1.38
3.45
2.29
1.20
3.16
2.70
1.21
2.75
3.12
1.37
2.29
3.45
1.65
1.83
3.59
1.96
1.42
3.48
2.30
1.20
3.16
2.65
1.18
2.71
3.04
1.33
2.22
3.37
1.58
1.75
3.52
1.90
1.37
3.44
2.25
1.18
3.14
2.65
1.21
2.73
3.06
1.34
2.26
3.42
1.60
1.79
3.55
1.92
1.40
3.47
2.28
1.20
3.17
2.66
1.20
2.75
3.06
1.34
2.27
3.41
1.59
1.79
3.54
1.90
1.40
3.46
2.26
1.20
3.18
2.66
1.20
2.77
3.07
1.35
2.28
3.39
1.59
1.79
3.52
1.89
1.39
3.45
2.26
1.19
3.17
2.65
1.18
2.73
3.00
1.30
2.26
3.53
1.74
2.14
3.67
1.89
1.33
3.39
2.21
1.16
3.13
2.61
1.17
2.74
3.03
1.32
2.28
3.37
1.58
1.80
3.53
1.89
1.40
3.46
2.24
1.20
3.19
2.65
1.20
2.80
3.08
1.37
2.34
3.43
1.61
1.86
3.58
1.92
1.45
3.49
2.27
1.21
3.20
2.62
1.19
2.74
2.99
1.30
2.25
3.33
1.55
1.76
3.49
1.85
1.38
3.43
2.20
1.18
3.17
2.61
1.17
2.76
3.02
1.32
2.30
3.37
1.57
1.85
3.54
1.88
1.42
3.47
2.23
1.20
3.19
2.62
1.17
2.78
3.03
1.32
2.34
3.38
1.57
1.83
3.53
1.88
1.43
3.47
2.25
1.21
3.20
2.62
1.18
2.82
3.02
1.32
2.32
3.36
1.56
1.82
3.53
1.87
1.42
3.47
2.23
1.21
3.23
2.62
1.18
2.79
3.01
1.31
2.31
3.35
1.56
1.83
3.53
1.86
1.42
3.46
2.18
1.17
3.16
2.72
1.31
3.10
3.16
1.37
2.25
3.30
1.54
1.80
3.50
1.84
1.41
3.46
2.20
1.19
3.20
2.60
1.18
2.79
3.01
1.30
2.31
3.35
1.55
1.84
3.54
1.86
1.45
3.49
2.23
1.24
3.25
2.67
1.21
2.85
3.07
1.34
2.39
3.41
1.59
1.89
3.56
1.87
1.44
3.46
2.18
1.19
3.19
2.56
1.15
2.76
2.95
1.28
2.30
3.31
1.52
1.82
3.50
1.86
1.42
3.46
2.19
1.20
3.23
2.58
1.17
2.81
2.99
1.30
2.35
3.35
1.56
1.87
3.53
1.86
1.45
3.51
2.20
1.21
3.22
2.59
1.18
2.83
3.00
1.31
2.36
3.35
1.55
1.87
3.53
1.85
1.45
3.48
2.19
1.24
3.22
2.58
1.18
2.82
2.98
1.30
2.35
3.35
1.55
1.88
3.53
1.85
1.45
3.48
2.18
1.20
3.22
2.58
1.17
2.83
2.99
1.30
2.39
3.32
1.52
1.83
3.55
1.92
1.74
3.70
2.31
1.22
3.17
2.51
1.14
2.79
2.93
1.28
2.34
3.31
1.54
1.87
3.51
1.83
1.46
3.48
2.18
1.22
3.23
2.57
1.17
2.84
2.98
1.30
2.39
3.35
1.55
1.92
3.55
1.86
1.50
3.55
2.22
1.25
3.27
2.60
1.20
2.86
2.98
1.30
2.36
3.30
1.52
1.85
3.48
1.80
1.42
3.45
2.14
1.19
3.21
2.52
1.15
2.82
2.94
1.28
2.36
3.31
1.52
1.89
3.52
1.83
1.48
3.50
2.17
1.22
3.25
2.58
1.18
2.85
2.97
1.30
2.39
3.32
1.52
1.90
3.51
1.82
1.47
3.48
2.17
1.21
3.25
2.55
1.17
2.85
2.96
1.29
2.39
3.32
1.52
1.91
3.52
1.84
1.49
3.50
2.17
1.24
3.27
2.57
1.18
2.87
2.96
1.29
2.39
3.31
1.52
1.90
3.51
1.81
1.48
3.50
2.16
1.23
3.25
2.50
1.17
2.83
3.10
1.42
2.75
3.42
1.53
1.84
3.46
1.78
1.45
3.46
2.12
1.23
3.24
2.52
1.17
2.86
2.94
1.29
2.40
3.31
1.51
1.92
3.51
1.81
1.49
3.51
2.16
1.24
3.28
2.57
1.20
2.91
3.00
1.31
2.46
3.36
1.54
2.00
3.56
1.83
1.52
3.51
2.17
1.22
3.25
2.50
1.15
2.84
2.88
1.26
2.39
3.25
1.48
1.89
3.47
1.77
1.47
3.47
2.12
1.22
3.25
2.51
1.16
2.88
2.93
1.28
2.43
3.31
1.52
1.95
3.52
1.83
1.51
3.50
2.14
1.24
3.29
2.52
1.17
2.89
2.92
1.27
2.43
3.29
1.51
1.95
3.51
1.79
1.51
3.50
2.13
1.24
3.28
2.51
1.17
2.89
2.91
1.27
2.43
3.28
1.50
1.95
3.51
1.79
1.52
3.51
2.15
1.26
3.29
2.52
1.18
2.90
2.91
1.27
2.44
3.28
1.49
1.96
3.50
1.79
1.51
3.48
2.08
1.21
3.28
2.68
1.35
3.18
2.93
1.26
2.36
3.23
1.46
1.91
3.47
1.75
1.49
3.48
2.10
1.23
3.27
2.48
1.16
2.90
2.89
1.26
2.44
3.27
1.48
1.97
3.51
1.78
1.58
3.53
2.15
1.29
3.33
2.54
1.19
2.96
2.95
1.30
2.51
3.32
1.51
2.00
3.51
1.77
1.52
3.48
2.08
1.23
3.26
2.45
1.14
2.88
2.84
1.24
2.45
3.24
1.46
1.96
3.48
1.76
1.52
3.50
2.10
1.25
3.30
2.48
1.17
2.95
2.89
1.26
2.48
3.27
1.48
1.99
3.50
1.76
1.55
3.50
2.09
1.25
3.30
2.47
1.17
2.94
2.88
1.26
2.48
3.26
1.48
1.99
3.49
1.76
1.54
3.52
2.09
1.26
3.31
2.47
1.17
2.95
2.89
1.29
2.50
3.26
1.48
2.00
3.48
1.74
1.54
3.50
2.08
1.25
3.31
2.46
1.17
2.94
2.83
1.23
2.44
3.32
1.52
2.32
3.68
1.83
1.52
3.44
2.03
1.23
3.28
2.42
1.15
2.93
2.84
1.24
2.49
3.24
1.46
2.03
3.49
1.75
1.56
3.51
2.08
1.27
3.32
2.47
1.18
2.98
2.89
1.27
2.55
3.28
1.48
2.07
3.54
1.80
1.62
3.56
2.11
1.29
3.35
2.45
1.17
2.96
2.82
1.23
2.47
3.19
1.43
1.98
3.44
1.71
1.54
3.49
2.04
1.25
3.31
2.41
1.15
2.96
2.83
1.23
2.51
3.22
1.45
2.04
3.48
1.74
1.59
3.53
2.07
1.29
3.34
2.44
1.17
2.98
2.84
1.24
2.53
3.23
1.45
2.05
3.48
1.74
1.61
3.54
2.07
1.30
3