2.00;15
1.72;25
2.03;34
1.78;44
2.04;53
1.87;62
2.06;71
1.97;80
2.04;91
2.04;100
2.01;110
1.95;120
1.96;131
1.76;141
1.80;151
1.57;162
1.70;173
1.47;183
1.69;193
1.45;203
1.74;214
1.47;225
1.78;235
1.52;245
1.83;256
1.57;266
1.86;276
1.62;286
1.88;297
1.69;308
1.86;318
1.71;328
1.82;338
1.74;349
1.77;360
1.77;370
1.73;380
1.81;391
1.69;401
1.84;411
1.67;421
1.86;433
1.64;443
1.90;453
1.64;463
1.93;474
1.67;484
2.00;495
1.67;505
1.94;516
1.63;526
1.87;536
1.62;546
1.85;558
1.66;568
1.82;578
1.70;588
1.76;599
1.60;609
1.63;619
2.08;630
2.66;641
2.18;651
1.62;661
1.81;671
1.61;681
1.77;693
1.54;703
1.83;713
1.62;723
1.91;734
1.62;744
1.95;754
1.66;765
1.97;776
1.72;786
2.00;796
1.80;806
2.03;817
1.88;828
2.05;838
1.93;848
2.02;859
1.96;869
1.92;879
1.90;890
1.74;901
1.76;911
1.56;921
1.69;931
1.49;942
1.71;952
1.47;963
1.75;973
1.51;984
1.82;994
1.54;1004
1.84;1015
1.64;1028
1.77;1039
1.80;1050
1.68;1061
1.91;1073
1.64;1084
1.91;1096
1.69;1107
1.79;1119
1.80;1130
1.65;1141
1.89;1153
1.61;1165
1.89;1176
1.68;1187
1.78;1199
1.82;1210
1.66;1222
1.91;1233
1.63;1245
1.91;1256
1.70;1267
1.81;1278
1.83;1291
1.67;1302
1.98;1313
1.67;1325
1.91;1336
1.70;1347
1.75;1359
1.81;1371
1.64;1382
1.91;1393
1.63;1404
1.86;1416
1.55;1428
1.66;1439
2.37;1451
2.64;1462
2.09;1473
1.60;1484
1.81;1497
1.57;1508
1.63;1519
1.74;1530
1.58;1542
1.87;1553
1.61;1565
1.88;1576
1.75;1588
1.81;1599
1.94;1610
1.76;1623
2.05;1634
1.80;1645
2.08;1656
1.95;1668
1.97;1679
2.05;1691
1.80;1702
1.99;1714
1.62;1725
1.77;1736
1.57;1747
1.57;1760
1.67;1771
1.47;1782
1.77;1794
1.52;1805
1.76;1816
1.66;1828
1.68;1840
1.82;1851
1.61;1862
1.91;1873
1.64;1885
1.86;1897
1.74;1908
1.73;1920
1.87;1931
1.63;1942
1.92;1954
1.64;1966
1.86;1977
1.75;1988
1.73;1999
1.87;2011
1.63;2023
1.95;2034
1.64;2045
1.85;2057
1.77;2068
1.75;2079
1.95;2092
1.67;2103
1.93;2114
1.65;2125
1.80;2137
1.73;2148
1.69;2160
1.85;2171
1.61;2183
1.87;2194
1.50;2205
1.70;2216
2.20;2229
2.61;2240
2.04;2251
1.61;2263
1.88;2274
1.54;2285
1.73;2297
1.70;2309
1.66;2320
1.87;2331
1.62;2342
1.93;2355
1.71;2366
1.89;2377
1.87;2388
1.81;2400
2.03;2411
1.80;2423
2.12;2435
1.89;2446
2.05;2457
1.99;2468
1.88;2480
1.97;2492
1.60;2503
1.80;2514
1.51;2526
1.62;2537
1.61;2548
1.52;2561
1.74;2572
1.50;2583
1.81;2594
1.60;2606
1.76;2617
1.75;2629
1.65;2640
1.89;2652
1.61;2663
1.90;2674
1.68;2686
1.80;2698
1.80;2709
1.66;2720
1.89;2732
1.61;2743
1.89;2755
1.70;2766
1.79;2778
1.81;2789
1.67;2800
1.91;2811
1.63;2824
1.92;2835
1.71;2846
1.80;2857
1.83;2869
1.68;2880
1.92;2892
1.63;2904
1.90;2915
1.74;2926
1.85;2937
1.86;2949
1.68;2961
1.91;2972
1.61;2983
1.88;2995
1.70;3006
1.78;3017
1.82;3030
1.57;3041
1.76;3052
1.85;3063
2.76;3075
2.00;3087
1.75;3098
1.86;3109
1.59;3121
1.81;3132
1.54;3143
1.83;3155
1.68;3167
1.76;3178
1.85;3189
1.68;3201
1.97;3212
1.72;3224
2.00;3235
1.87;3247
1.94;3258
2.09;3269
1.89;3280
2.16;3293
1.87;3304
2.08;3315
1.86;3326
1.78;3338
1.79;3349
1.51;3361
1.74;3373
1.44;3384
1.70;3395
1.57;3406
1.61;3419
1.74;3430
1.55;3441
1.85;3452
1.59;3464
1.83;3475
1.72;3487
1.73;3499
1.86;3510
1.65;3521
1.91;3532
1.63;3544
1.85;3556
1.73;3567
1.71;3578
1.85;3590
1.61;3601
1.92;3612
1.64;3624
1.86;3636
1.81;3647
1.78;3658
1.91;3670
1.63;3681
1.89;3693
1.61;3704
1.82;3716
1.73;3727
1.70;3738
1.86;3749
1.55;3762
1.81;3773
1.84;3784
2.57;3795
2.00;3807
1.59;3819
1.84;3830
1.59;3842
1.86;3853
1.62;3864
1.83;3875
1.78;3888
1.74;3899
1.95;3910
1.71;3921
2.02;3933
1.79;3944
1.99;3956
1.96;3968
1.91;3979
2.14;3990
1.90;4001
2.19;4013
1.92;4025
2.03;4036
1.90;4047
1.71;4059
1.81;4070
1.47;4081
1.71;4093
1.47;4105
1.63;4116
1.62;4127
1.55;4139
1.78;4151
1.52;4162
1.83;4173
1.63;4185
1.79;4196
1.78;4207
1.68;4219
1.90;4231
1.62;4242
1.90;4253
1.67;4264
1.81;4276
1.79;4288
1.67;4299
1.90;4311
1.61;4322
1.89;4333
1.68;4344
1.80;4357
1.85;4368
1.74;4379
1.96;4390
1.67;4402
1.90;4413
1.66;4425
1.77;4436
1.79;4448
1.65;4459
1.91;4470
1.59;4482
1.79;4494
1.64;4505
2.26;4516
2.62;4528
1.71;4539
1.74;4551
1.56;4562
1.81;4574
1.63;4585
1.73;4596
1.80;4608
1.68;4620
1.94;4631
1.67;4642
1.96;4654
1.80;4665
1.91;4676
1.98;4688
1.83;4700
2.11;4711
1.86;4722
2.13;4733
1.96;4745
1.99;4757
2.01;4768
1.74;4780
1.90;4791
1.52;4802
1.72;4813
1.52;4826
1.59;4837
1.67;4848
1.50;4859
1.79;4871
1.52;4883
1.79;4894
1.66;4905
1.71;4917
1.82;4928
1.63;4939
1.92;4952
1.63;4963
1.88;4974
1.74;4985
1.74;4997
1.84;5008
1.63;5020
1.91;5031
1.62;5043
1.86;5054
1.73;5065
1.73;5076
1.86;5089
1.64;5100
1.96;5111
1.72;5123
1.91;5134
1.76;5145
1.72;5157
1.83;5169
1.60;5180
1.89;5191
1.62;5202
1.84;5214
1.71;5226
1.58;5237
1.77;5249
2.23;5260
2.88;5271
1.75;5283
1.73;5295
1.66;5306
1.57;5317
1.73;5328
1.52;5340
1.85;5352
1.61;5363
1.83;5374
1.77;5386
1.75;5397
1.94;5408
1.72;5421
2.03;5432
1.80;5443
2.02;5454
1.98;5466
1.94;5477
2.11;5489
1.83;5500
2.07;5512
1.73;5523
1.81;5534
1.67;5545
1.55;5558
1.71;5569
1.45;5580
1.76;5592
1.52;5603
1.71;5615
1.69;5626
1.61;5638
1.83;5649
1.61;5660
1.89;5671
1.66;5684
1.83;5695
1.79;5706
1.69;5718
1.90;5729
1.62;5740
1.91;5752
1.66;5764
1.79;5775
1.78;5786
1.68;5797
1.90;5809
1.62;5821
1.91;5832
1.68;5843
1.81;5855
1.81;5866
1.69;5877
1.92;5890
1.63;5901
1.92;5912
1.69;5923
1.85;5935
1.88;5946
1.71;5958
1.92;5969
1.61;5981
1.87;5992
1.67;6003
1.77;6016
1.80;6027
1.66;6038
1.82;6049
1.39;6061
2.05;6072
2.82;6084
2.59;6095
1.81;6107
1.60;6118
1.74;6129
1.44;6140
1.74;6153
1.60;6164
1.70;6175
1.77;6187
1.63;6198
1.90;6209
1.64;6221
1.94;6233
1.77;6244
1.88;6255
1.96;6266
1.83;6278
2.14;6290
1.86;6301
2.11;6312
1.92;6324
1.92;6335
1.89;6347
1.61;6359
1.79;6370
1.48;6381
1.70;6392
1.53;6404
1.60;6416
1.71;6427
1.53;6438
1.82;6450
1.55;6461
1.82;6472
1.68;6484
1.72;6496
1.83;6507
1.63;6518
1.92;6530
1.64;6541
1.88;6553
1.73;6564
1.74;6576
1.85;6587
1.64;6598
1.92;6609
1.64;6622
1.87;6633
1.74;6644
1.74;6656
1.86;6667
1.64;6678
1.93;6690
1.66;6702
1.90;6713
1.81;6724
1.78;6735
1.90;6748
1.63;6759
1.89;6770
1.61;6781
1.82;6793
1.73;6804
1.71;6816
1.85;6828
1.52;6839
1.68;6850
1.88;6861
2.89;6873
2.25;6885
1.70;6896
1.82;6907
1.49;6919
1.74;6930
1.51;6941
1.74;6953
1.69;6965
1.67;6976
1.86;6987
1.62;6999
1.96;7010
1.70;7022
1.91;7033
1.87;7045
1.85;7056
2.07;7067
1.84;7079
2.15;7091
1.87;7102
2.01;7113
1.87;7124
1.72;7136
1.79;7148
1.45;7159
1.71;7171
1.45;7182
1.64;7193
1.62;7204
1.56;7217
1.79;7228
1.53;7239
1.85;7250
1.63;7262
1.79;7273
1.77;7285
1.70;7297
1.93;7308
1.64;7319
1.95;7330
1.70;7342
1.87;7354
1.81;7365
1.70;7376
1.90;7388
1.62;7399
1.92;7410
1.68;7422
1.82;7434
1.82;7445
1.73;7456
1.96;7468
1.67;7480
1.96;7491
1.73;7502
1.87;7514
1.89;7525
1.81;7536
2.02;7548
1.73;7560
2.00;7571
1.73;7582
1.85;7593
1.84;7605
1.74;7617
1.96;7628
1.65;7640
1.78;7651
1.72;7662
2.50;7673
2.57;7686
1.77;7697
1.92;7708
1.65;7719
1.88;7731
1.65;7742
1.79;7754
1.83;7766
1.74;7777
1.98;7788
1.76;7799
2.08;7812
1.96;7823
2.12;7834
2.17;7845
2.09;7857
2.33;7868
2.12;7880
2.37;7891
2.18;7903
2.23;7914
2.20;7925
1.97;7937
2.12;7949
1.77;7960
1.94;7971
1.71;7983
1.77;7994
1.81;8005
1.69;8017
1.93;8029
1.70;8040
1.96;8051
1.81;8062
1.91;8074
1.97;8086
1.85;8097
2.04;8109
1.75;8120
1.96;8131
1.75;8142
1.75;8155
1.69;8166
1.50;8177
1.65;8188
1.39;8200
1.58;8212
1.44;8223
1.53;8235
1.52;8246
1.35;8257
1.53;8268
1.34;8281
1.58;8292
1.47;8303
1.58;8314
1.64;8326
1.45;8337
1.52;8349
1.51;8360
2.39;8372
2.18;8383
1.52;8394
1.52;8406
1.48;8418
1.64;8429
1.46;8440
1.71;8452
1.64;8463
1.73;8474
1.85;8486
1.74;8498
1.99;8509
1.81;8520
2.02;8531
1.94;8544
1.98;8555
2.09;8566
1.96;8578
2.19;8589
1.95;8600
2.10;8612
1.85;8624
1.75;8635
1.72;8646
1.49;8657
1.66;8669
1.44;8681
1.65;8692
1.59;8704
1.62;8715
1.74;8726
1.60;8737
1.84;8750
1.65;8761
1.84;8772
1.77;8783
1.77;8795
1.86;8806
1.68;8818
1.90;8829
1.65;8841
1.80;8852
1.69;8863
1.68;8875
1.78;8887
1.59;8898
1.84;8909
1.68;8921
1.88;8932
1.84;8944
1.82;8955
1.87;8967
1.64;8978
1.86;8989
1.65;9000
1.82;9013
1.76;9024
1.74;9035
1.79;9047
1.43;9058
1.83;9069
2.83;9081
3.09;9093
2.00;9104
1.73;9115
1.77;9126
1.55;9138
1.80;9150
1.66;9161
1.84;9172
1.83;9184
1.84;9195
1.99;9206
1.82;9219
2.07;9230
1.88;9241
2.00;9252
1.95;9264
1.88;9276
1.98;9287
1.77;9298
1.98;9310
1.78;9321
1.89;9332
1.79;9345
1.71;9356
1.81;9367
1.62;9378
1.84;9390
1.69;9401
1.82;9413
1.79;9424
1.74;9436
1.87;9447
1.69;9458
1.88;9469
1.71;9482
1.84;9493
1.81;9504
1.77;9516
1.93;9527
1.76;9538
1.98;9550
1.83;9562
1.96;9573
1.94;9584
1.85;9595
1.98;9607
1.81;9619
2.01;9630
1.87;9641
1.97;9653
1.93;9664
1.82;9676
1.97;9688
1.80;9699
2.02;9710
1.88;9721
1.99;9733
1.96;9745
1.70;9756
1.80;9767
2.47;9779
3.23;9790
2.10;9801
1.79;9814
1.70;9825
1.55;9836
1.70;9847
1.52;9859
1.74;9870
1.60;9882
1.72;9893
1.73;9905
1.65;9916
1.83;9927
1.60;9938
1.77;9951
1.65;9962
1.75;9973
1.83;9985
1.78;9996
1.96;10008
1.75;10020
1.83;10033
1.75;10045
1.51;10057
1.62;10070
1.47;10083
1.50;10095
1.73;10107
1.61;10120
1.75;10132
1.80;10145
1.75;10158
1.93;10170
1.70;10182
1.57;10194
1.60;10208
1.19;10220
1.07;10232
0.90;10245
0.85;10257
1.27;10269
1.36;10283
1.51;10295
1.72;10307
1.59;10319
1.74;10332
1.80;10345
1.72;10357
1.88;10370
1.73;10382
1.78;10394
2.00;10407
1.85;10420
1.93;10432
1.83;10444
1.56;10457
1.52;10469
1.40;10482
2.54;10494
3.02;10507
1.87;10519
1.79;10531
1.67;10545
1.56;10557
1.74;10569
1.66;10582
1.70;10594
1.87;10607
1.77;10619
2.12;10632
2.37;10644
2.42;10656
2.67;10669
2.43;10682
2.29;10694
2.28;10706
1.97;10719
2.00;10731
1.91;10744
1.67;10757
1.74;10769
1.53;10781
1.49;10793
1.58;10807
1.40;10819
1.55;10831
1.55;10844
1.46;10856
1.64;10868
1.51;10882
1.54;10894
1.68;10906
1.51;10918
1.66;10931
1.64;10944
1.53;10956
1.73;10969
1.58;10981
1.60;10993
1.74;11006
1.55;11019
1.75;11031
1.78;11043
1.63;11056
1.76;11068
1.60;11081
1.65;11094
1.79;11106
1.63;11118
1.78;11130
1.68;11144
1.53;11156
2.15;11168
2.80;11181
2.00;11193
1.75;11206
1.60;11218
1.73;11231
1.73;11243
1.66;11255
1.86;11268
1.73;11281
1.77;11293
1.90;11305
1.73;11318
1.90;11330
1.90;11343
1.82;11356
2.00;11368
1.84;11380
1.85;11393
1.95;11406
1.72;11418
1.81;11430
1.71;11443
1.54;11455
1.68;11467
1.52;11481
1.56;11493
1.69;11505
1.53;11517
1.71;11530
1.69;11543
1.61;11555
1.80;11568
1.67;11580
1.71;11592
1.82;11606
1.64;11618
1.79;11630
1.76;11642
1.65;11655
1.88;11667
1.71;11680
1.80;11693
1.92;11705
1.69;11717
1.80;11729
1.74;11743
1.64;11755
1.87;11767
1.69;11780
1.73;11792
1.70;11805
1.36;11817
2.25;11830
3.18;11842
2.03;11854
1.70;11867
1.52;11880
1.55;11892
1.67;11905
1.55;11917
1.76;11929
1.74;11942
1.68;11955
1.89;11967
1.75;11979
1.82;11992
1.93;12005
1.75;12017
1.95;12029
1.92;12042
1.84;12054
2.01;12066
1.83;12080
1.84;12092
1.86;12104
1.61;12116
1.73;12129
1.65;12142
1.57;12154
1.77;12167
1.63;12179
1.73;12191
1.82;12205
1.65;12217
1.82;12229
1.76;12241
1.67;12254
1.85;12266
1.69;12279
1.77;12292
1.83;12304
1.65;12316
1.83;12328
1.76;12342
1.70;12354
1.90;12366
1.76;12379
1.84;12391
1.88;12404
1.65;12417
1.77;12429
1.72;12441
1.64;12453
1.83;12466
1.66;12479
1.66;12491
1.48;12504
1.76;12516
3.39;12528
2.63;12541
1.68;12554
1.67;12566
1.42;12578
1.54;12591
1.63;12604
1.52;12616
1.74;12628
1.70;12641
1.66;12653
1.85;12665
1.70;12679
1.80;12691
1.91;12703
1.77;12716
1.95;12728
1.88;12741
1.82;12753
1.98;12766
1.78;12778
1.80;12790
1.80;12804
1.58;12816
1.74;12828
1.66;12840
1.61;12853
1.80;12865
1.64;12878
1.74;12891
1.80;12903
1.65;12915
1.86;12928
1.75;12941
1.70;12953
1.87;12965
1.69;12978
1.77;12990
1.83;13003
1.66;13016
1.87;13028
1.75;13040
1.70;13052
1.87;13065
1.71;13078
1.83;13090
1.91;13103
1.72;13115
1.86;13127
1.73;13140
1.67;13153
1.84;13165
1.66;13177
1.77;13190
1.76;13203
1.40;13215
1.74;13228
3.00;13240
2.80;13252
1.92;13264
1.57;13278
1.55;13290
1.59;13302
1.49;13315
1.72;13327
1.66;13340
1.65;13352
1.84;13365
1.68;13377
1.81;13389
1.87;13403
1.74;13415
1.94;13427
1.86;13440
1.86;13452
2.00;13464
1.82;13477
1.91;13490
1.88;13502
1.66;13514
1.78;13527
1.64;13540
1.62;13552
1.79;13564
1.63;13577
1.74;13589
1.80;13602
1.66;13615
1.86;13627
1.74;13639
1.72;13651
1.88;13664
1.68;13677
1.80;13689
1.82;13702
1.67;13714
1.85;13726
1.73;13740
1.71;13752
1.87;13764
1.73;13776
1.85;13789
1.90;13802
1.73;13814
1.87;13827
1.70;13839
1.68;13851
1.82;13863
1.64;13877
1.78;13889
1.72;13901
1.42;13914
1.93;13926
3.06;13939
2.51;13952
1.83;13964
1.53;13976
1.57;13988
1.58;14002
1.50;14014
1.73;14026
1.64;14039
1.66;14051
1.83;14063
1.67;14076
1.84;14089
1.85;14101
1.74;14113
1.95;14126
1.83;14139
1.83;14151
1.96;14163
1.78;14176
1.89;14188
1.83;14201
1.64;14214
1.77;14226
1.61;14238
1.62;14251
1.76;14263
1.60;14276
1.76;14288
1.77;14301
1.66;14313
1.85;14325
1.73;14339
1.74;14351
1.85;14363
1.67;14375
1.81;14388
1.80;14401
1.68;14413
1.86;14426
1.71;14438
1.75;14450
1.88;14462
1.74;14476
1.89;14488
1.84;14500
1.67;14513
1.83;14525
1.69;14538
1.72;14551
1.86;14563
1.66;14575
1.69;14587
1.69;14601
2.27;14613
2.74;14625
1.78;14638
1.64;14650
1.75;14662
1.53;14675
1.70;14688
1.71;14700
1.64;14712
1.86;14725
1.74;14738
1.76;14750
1.89;14763
1.74;14775
1.91;14787
1.91;14800
1.80;14813
2.00;14825
1.88;14837
1.97;14850
2.11;14862
1.91;14875
2.01;14887
1.89;14900
1.72;14912
1.87;14924
1.71;14938
1.75;14950
1.90;14962
1.74;14974
1.93;14987
1.89;15000
1.79;15012
1.96;15025
1.77;15037
1.76;15049
1.81;15062
1.59;15075
1.74;15087
1.70;15099
1.59;15112
1.83;15124
1.61;15137
1.61;15150
1.70;15162
1.52;15174
1.72;15186
1.68;15200
1.59;15212
1.71;15224
1.51;15237
2.10;15249
2.80;15261
1.74;15275
1.61;15287
1.60;15299
1.52;15311
1.75;15324
1.61;15337
1.70;15349
1.83;15362
1.68;15374
1.89;15386
1.85;15399
1.77;15412
1.99;15424
1.82;15436
1.90;15449
1.99;15461
1.79;15474
1.95;15486
1.88;15499
1.74;15511
1.86;15523
1.61;15537
1.64;15549
1.70;15561
1.53;15574
1.74;15586
1.69;15599
1.63;15611
1.84;15624
1.68;15636
1.76;15648
1.86;15661
1.66;15674
1.83;15686
1.78;15698
1.72;15711
1.91;15723
1.75;15736
1.84;15749
1.97;15761
1.80;15773
1.91;15785
1.77;15799
1.67;15811
1.83;15823
1.64;15836
1.74;15848
1.79;15860
1.49;15874
1.70;15886
2.56;15898
2.72;15910
1.85;15923
1.50;15936
1.59;15948
1.64;15961
1.52;15973
1.74;15985
1.69;15998
1.67;16011
1.85;16023
1.70;16035
1.80;16048
1.87;16060
1.73;16073
1.95;16086
1.91;16098
1.90;16110
2.10;16122
1.95;16136
2.05;16148
2.06;16160
1.83;16173
1.95;16185
1.79;16198
1.71;16210
1.86;16223
1.67;16235
1.79;16247
1.84;16260
1.68;16273
1.87;16285
1.77;16297
1.73;16310
1.90;16322
1.71;16335
1.83;16348
1.84;16360
1.67;16372
1.86;16385
1.77;16398
1.73;16410
1.84;16422
1.59;16435
1.66;16447
1.69;16459
1.54;16473
1.74;16485
1.63;16497
1.47;16509
1.52;16522
2.44;16535
3.29;16547
1.98;16560
1.46;16572
1.59;16584
1.46;16598
1.47;16610
1.68;16622
1.52;16634
1.71;16647
1.73;16659
1.59;16672
1.81;16685
1.71;16697
1.72;16709
1.90;16721
1.74;16735
1.88;16747
1.91;16759
1.74;16772
1.93;16784
1.76;16797
1.68;16809
1.79;16822
1.56;16834
1.73;16846
1.75;16859
1.63;16872
1.86;16884
1.75;16897
1.75;16909
1.90;16921
1.72;16934
1.81;16947
1.82;16959
1.67;16971
1.85;16984
1.70;16997
1.65;17009
1.77;17021
1.55;17034
1.63;17046
1.59;17058
1.37;17072
1.47;17084
1.28;17096
1.25;17108
1.40;17121
1.25;17134
1.43;17146
1.39;17159
1.15;17171
1.73;17183
2.90;17197
2.35;17209
1.61;17221
1.39;17233
1.50;17246
1.54;17258
1.49;17271
1.77;17284
1.70;17296
1.77;17308
1.94;17320
1.78;17334
1.96;17346
1.98;17358
1.89;17371
2.11;17383
2.00;17396
2.02;17409
2.13;17421
1.90;17433
2.00;17445
1.90;17458
1.71;17471
1.85;17483
1.69;17496
1.71;17508
1.87;17520
1.71;17533
1.88;17546
1.87;17558
1.75;17570
1.95;17583
1.81;17596
1.82;17608
1.97;17620
1.74;17633
1.89;17645
1.86;17657
1.74;17671
1.92;17683
1.74;17695
1.78;17708
1.92;17720
1.75;17733
1.88;17745
1.80;17758
1.63;17770
1.80;17782
1.65;17796
1.71;17808
1.86;17820
1.63;17832
1.66;17845
1.90;17857
2.92;17870
2.61;17883
1.72;17895
1.69;17907
1.72;17920
1.55;17933
1.75;17945
1.75;17957
1.68;17970
1.91;17982
1.77;17995
1.82;18008
1.95;18020
1.79;18032
1.99;18044
1.96;18057
1.89;18070
2.08;18082
1.92;18095
1.93;18107
1.97;18119
1.72;18132
1.80;18145
1.69;18157
1.58;18169
1.76;18182
1.62;18195
1.70;18207
1.80;18220
1.65;18232
1.84;18244
1.78;18256
1.70;18270
1.89;18282
1.73;18294
1.78;18307
1.85;18319
1.67;18332
1.84;18344
1.78;18357
1.69;18369
1.89;18381
1.71;18395
1.78;18407
1.89;18419
1.74;18432
1.89;18444
1.78;18456
1.66;18469
1.86;18482
1.66;18494
1.74;18506
1.83;18519
1.58;18532
1.67;18544
2.00;18556
2.73;18569
2.13;18581
1.58;18594
1.70;18607
1.74;18619
1.56;18631
1.76;18643
1.73;18656
1.67;18669
1.88;18681
1.73;18694
1.83;18706
1.93;18718
1.78;18732
1.99;18744
1.94;18756
1.90;18768
2.06;18781
1.86;18794
1.90;18806
1.90;18819
1.64;18831
1.74;18843
1.61;18855
1.53;18869
1.71;18881
1.54;18893
1.66;18906
1.75;18918
1.61;18931
1.81;18944
1.75;18956
1.70;18968
1.88;18980
1.69;18994
1.77;19006
1.82;19018
1.65;19031
1.83;19043
1.73;19055
1.68;19068
1.86;19081
1.67;19093
1.76;19105
1.81;19118
1.66;19131
1.86;19143
1.79;19155
1.78;19168
1.93;19180
1.69;19193
1.75;19206
1.78;19218
1.62;19230
1.82;19243
1.73;19255
1.64;19268
1.63;19280
1.68;19293
3.01;19305
2.68;19317
1.66;19331
1.74;19343
1.55;19355
1.52;19367
1.72;19380
1.57;19393
1.73;19405
1.80;19418
1.65;19430
1.87;19442
1.78;19454
1.80;19468
1.97;19480
1.82;19492
1.96;19505
2.01;19517
1.86;19530
2.03;19543
1.87;19555
1.74;19567
1.81;19579
1.55;19593
1.63;19605
1.66;19617
1.52;19630
1.74;19642
1.66;19654
1.64;19667
1.82;19680
1.65;19692
1.77;19704
1.81;19717
1.67;19730
1.86;19742
1.74;19755
1.72;19767
1.88;19779
1.67;19792
1.80;19805
1.82;19817
1.66;19829
1.86;19842
1.74;19854
1.73;19867
1.88;19879
1.69;19892
1.83;19904
1.86;19916
1.74;19930
1.93;19942
1.77;19954
1.71;19966
1.83;19979
1.64;19992
1.78;20004
1.80;20017
1.65;20029
1.70;20041
1.47;20054
2.39;20067
3.19;20079
1.92;20091
1.72;20104
1.63;20116
1.46;20129
1.68;20142
1.59;20154
1.62;20166
1.80;20178
1.64;20192
1.79;20204
1.82;20216
1.72;20229
1.95;20241
1.85;20253
1.89;20267
2.05;20279
1.87;20291
2.00;20303
1.96;20316
1.74;20329
1.83;20341
1.61;20354
1.56;20366
1.69;20378
1.51;20391
1.66;20404
1.68;20416
1.57;20428
1.79;20441
1.67;20453
1.69;20466
1.85;20478
1.67;20491
1.81;20503
1.81;20515
1.68;20529
1.88;20541
1.74;20553
1.74;20566
1.86;20578
1.66;20591
1.79;20603
1.79;20616
1.67;20628
1.87;20640
1.74;20653
1.75;20666
1.87;20678
1.68;20690
1.83;20703
1.82;20715
1.70;20728
1.89;20741
1.74;20753
1.74;20765
1.92;20777
1.75;20791
1.85;20803
1.80;20815
1.65;20828
1.84;20840
1.70;20852
1.72;20866
1.81;20878
1.44;20890
1.66;20902
2.79;20915
2.74;20928
1.93;20940
1.63;20953
1.52;20965
1.63;20977
1.48;20990
1.68;21003
1.69;21015
1.60;21027
1.82;21040
1.69;21052
1.74;21065
1.92;21078
1.75;21090
1.94;21102
1.96;21114
1.87;21128
2.07;21140
1.91;21152
1.89;21165
1.93;21177
1.64;21190
1.72;21202
1.65;21215
1.52;21227
1.72;21239
1.57;21252
1.63;21265
1.76;21277
1.61;21289
1.77;21302
1.76;21314
1.67;21327
1.87;21340
1.72;21352
1.77;21364
1.89;21377
1.69;21390
1.83;21402
1.79;21414
1.69;21427
1.88;21439
1.73;21451
1.77;21465
1.90;21477
1.71;21489
1.87;21501
1.83;21514
1.72;21527
1.90;21539
1.74;21552
1.77;21564
1.87;21576
1.69;21590
1.86;21602
1.80;21614
1.76;21626
1.95;21639
1.74;21651
1.74;21664
1.84;21677
1.67;21689
1.84;21701
1.80;21713
1.60;21727
1.69;21739
1.99;21751
2.87;21764
2.12;21776
1.60;21789
1.76;21801
1.62;21814
1.53;21826
1.76;21838
1.63;21851
1.73;21864
1.84;21876
1.68;21889
1.86;21901
1.84;21913
1.80;21926
2.01;21939
1.88;21951
1.96;21963
2.07;21976
1.87;21989
2.01;22001
1.89;22013
1.71;22026
1.79;22038
1.55;22050
1.57;22064
1.66;22076
1.49;22088
1.67;22100
1.64;22113
1.58;22126
1.81;22138
1.66;22151
1.74;22163
1.84;22175
1.67;22189
1.85;22201
1.78;22213
1.69;22225
1.87;22238
1.70;22250
1.76;22263
1.84;22276
1.66;22288
1.83;22300
1.77;22312
1.70;22326
1.88;22338
1.71;22350
1.76;22363
1.85;22375
1.68;22388
1.85;22401
1.78;22413
1.70;22425
1.90;22437
1.73;22450
1.78;22463
1.93;22475
1.73;22488
1.87;22500
1.76;22512
1.68;22525
1.89;22538
1.70;22550
1.78;22562
1.75;22575
1.39;22588
2.16;22600
3.21;22612
2.22;22625
1.81;22637
1.57;22649
1.57;22663
1.65;22675
1.52;22687
1.73;22700
1.69;22712
1.65;22725
1.85;22737
1.69;22750
1.78;22762
1.89;22774
1.76;22788
1.98;22800
1.96;22812
1.91;22824
2.10;22837
1.90;22849
1.91;22862
1.88;22875
1.60;22887
1.71;22899
1.59;22912
1.52;22925
1.71;22937
1.55;22949
1.68;22962
1.75;22974
1.60;22987
1.80;23000
1.74;23012
1.68;23024
1.87;23036
1.70;23049
1.79;23062
1.85;23074
1.67;23087
1.86;23099
1.77;23111
1.71;23124
1.88;23137
1.70;23149
1.77;23161
1.84;23174
1.66;23187
1.86;23199
1.76;23212
1.71;23224
1.88;23236
1.70;23248
1.79;23262
1.85;23274
1.69;23286
1.86;23299
1.77;23311
1.71;23324
1.89;23336
1.74;23349
1.85;23361
1.88;23373
1.68;23387
1.84;23399
1.76;23411
1.71;23424
1.88;23436
1.65;23448
1.55;23461
1.71;23474
2.80;23486
2.92;23498
1.82;23511
1.61;23524
1.66;23536
1.47;23548
1.59;23561
1.69;23573
1.56;23586
1.79;23599
1.72;23611
1.68;23623
1.88;23635
1.72;23648
1.85;23661
1.96;23673
1.83;23686
2.06;23698
1.98;23710
1.91;23724
2.04;23736
1.76;23748
1.75;23760
1.72;23773
1.50;23786
1.68;23798
1.59;23811
1.55;23823
1.74;23835
1.59;23847
1.72;23861
1.78;23873
1.64;23885
1.85;23898
1.76;23910
1.71;23923
1.90;23936
1.72;23948
1.81;23960
1.86;23972
1.68;23986
1.86;23998
1.77;24010
1.72;24023
1.88;24035
1.69;24047
1.79;24060
1.84;24073
1.69;24085
1.87;24097
1.79;24110
1.72;24123
1.89;24135
1.70;24147
1.79;24160
1.84;24172
1.68;24185
1.87;24198
1.77;24210
1.72;24222
1.88;24235
1.74;24247
1.86;24260
1.87;24272
1.67;24285
1.84;24297
1.74;24309
1.70;24323
1.87;24335
1.61;24347
1.52;24359
1.84;24372
2.97;24385
2.70;24397
1.77;24410
1.61;24422
1.65;24434
1.47;24446
1.62;24460
1.70;24472
1.58;24484
1.80;24497
1.71;24509
1.69;24522
1.87;24535
1.73;24547
1.88;24559
1.96;24571
1.85;24585
2.06;24597
1.96;24609
1.91;24622
2.01;24634
1.75;24646
1.76;24659
1.73;24672
1.52;24684
1.70;24696
1.59;24709
1.57;24722
1.75;24734
1.58;24747
1.71;24759
1.77;24771
1.63;24784
1.83;24797
1.74;24809
1.73;24821
1.90;24834
1.72;24846
1.82;24859
1.86;24871
1.69;24884
1.87;24896
1.75;24908
1.72;24922
1.88;24934
1.70;24946
1.81;24958
1.84;24971
1.70;24984
1.88;24996
1.77;25009
1.73;25021
1.88;25033
1.70;25046
1.80;25059
1.83;25071
1.68;25083
1.87;25096
1.75;25108
1.76;25121
1.94;25134
1.72;25146
1.80;25158
1.81;25170
1.67;25184
1.86;25196
1.75;25208
1.66;25221
1.68;25233
1.76;25245
2.86;25259
2.37;25271
1.67;25283
1.83;25295
1.62;25308
1.58;25321
1.76;25333
1.61;25346
1.76;25358
1.81;25370
1.68;25383
1.89;25396
1.79;25408
1.79;25420
1.97;25433
1.83;25445
1.98;25458
2.02;25470
1.87;25483
2.04;25495
1.88;25507
1.76;25521
1.82;25533
1.56;25545
1.63;25558
1.65;25570
1.51;25583
1.71;25595
1.62;25608
1.63;25620
1.80;25632
1.64;25645
1.78;25658
1.82;25670
1.69;25682
1.88;25695
1.75;25707
1.73;25720
1.88;25733
1.67;25745
1.79;25757
1.81;25769
1.65;25783
1.85;25795
1.73;25807
1.71;25820
1.86;25832
1.68;25844
1.80;25858
1.84;25870
1.69;25882
1.87;25894
1.74;25907
1.74;25920
1.89;25932
1.70;25945
1.82;25957
1.84;25969
1.74;25982
1.94;25995
1.77;26007
1.73;26019
1.85;26032
1.67;26044
1.80;26057
1.83;26070
1.61;26082
1.60;26094
1.81;26106
3.06;26120
2.62;26132
1.67;26144
1.70;26157
1.61;26169
1.47;26182
1.72;26194
1.62;26207
1.64;26219
1.81;26231
1.64;26244
1.79;26257
1.83;26269
1.72;26281
1.95;26294
1.84;26306
1.88;26319
2.06;26332
1.88;26344
2.00;26356
1.98;26369
1.75;26382
1.86;26394
1.65;26406
1.59;26419
1.71;26431
1.52;26443
1.67;26457
1.70;26469
1.58;26481
1.79;26493
1.69;26506
1.69;26519
1.84;26531
1.67;26544
1.80;26556
1.81;26568
1.67;26582
1.88;26594
1.74;26606
1.73;26618
1.86;26631
1.66;26643
1.79;26656
1.80;26669
1.67;26681
1.88;26693
1.73;26705
1.73;26719
1.87;26731
1.69;26743
1.81;26756
1.82;26768
1.69;26781
1.89;26793
1.75;26806
1.74;26818
1.88;26830
1.70;26843
1.88;26856
1.85;26868
1.68;26881
1.85;26893
1.74;26905
1.72;26918
1.88;26931
1.68;26943
1.65;26955
1.52;26968
2.30;26981
3.26;26993
2.02;27005
1.67;27018
1.70;27030
1.46;27042
1.62;27056
1.66;27068
1.57;27080
1.79;27092
1.70;27105
1.70;27118
1.86;27130
1.70;27143
1.88;27155
1.92;27167
1.82;27181
2.05;27193
1.94;27205
1.93;27217
2.05;27230
1.81;27242
1.86;27255
1.76;27268
1.57;27280
1.73;27292
1.58;27304
1.60;27318
1.75;27330
1.58;27342
1.74;27355
1.76;27367
1.64;27380
1.85;27393
1.73;27405
1.74;27417
1.89;27429
1.70;27442
1.83;27455
1.81;27467
1.68;27480
1.87;27492
1.72;27504
1.73;27517
1.88;27530
1.68;27542
1.82;27554
1.82;27567
1.69;27580
1.88;27592
1.74;27604
1.74;27617
1.87;27629
1.70;27641
1.83;27655
1.81;27667
1.68;27679
1.88;27692
1.73;27704
1.77;27717
1.87;27729
1.73;27742
1.88;27754
1.84;27766
1.68;27780
1.86;27792
1.73;27804
1.74;27816
1.88;27829
1.59;27841
1.53;27854
1.90;27867
3.06;27879
2.62;27891
1.73;27904
1.62;27917
1.66;27929
1.46;27941
1.65;27954
1.68;27966
1.59;27979
1.81;27992
1.69;28004
1.73;28016
1.88;28028
1.72;28041
1.90;28054
1.93;28066
1.83;28079
2.04;28091
1.90;28103
1.90;28116
1.99;28129
1.74;28141
1.79;28153
1.72;28166
1.54;28179
1.72;28191
1.57;28204
1.60;28216
1.74;28228
1.60;28240
1.75;28254
1.75;28266
1.65;28278
1.85;28291
1.72;28303
1.74;28316
1.87;28328
1.69;28341
1.83;28353
1.81;28365
1.68;28379
1.87;28391
1.73;28403
1.74;28416
1.89;28428
1.69;28440
1.83;28453
1.82;28466
1.70;28478
1.90;28490
1.75;28503
1.76;28516
1.89;28528
1.71;28540
1.85;28553
1.82;28565
1.70;28578
1.89;28591
1.73;28603
1.79;28615
1.93;28627
1.70;28640
1.83;28653
1.78;28665
1.67;28678
1.86;28690
1.72;28702
1.68;28716
1.67;28728
1.64;28740
2.77;28752
2.47;28765
1.72;28778
1.82;28790
1.57;28803
1.59;28815
1.74;28827
1.57;28839
1.76;28853
1.76;28865
1.67;28877
1.88;28890
1.76;28902
1.84;28915
1.98;28928
1.83;28940
2.00;28952
2.00;28964
1.89;28978
2.07;28990
1.88;29002
1.84;29015
1.88;29027
1.60;29039
1.71;29052
1.65;29065
1.54;29077
1.74;29089
1.61;29102
1.66;29115
1.81;29127
1.64;29139
1.82;29152
1.80;29164
1.71;29177
1.90;29190
1.74;29202
1.76;29214
1.87;29227
1.66;29239
1.81;29252
1.77;29264
1.67;29277
1.86;29289
1.71;29301
1.73;29315
1.86;29327
1.65;29339
1.82;29351
1.79;29364
1.70;29377
1.89;29389
1.78;29402
1.81;29414
1.90;29426
1.66;29438
1.79;29452
1.75;29464
1.65;29476
1.85;29489
1.69;29501
1.62;29514
1.67;29527
2.05;29539
2.83;29551
1.95;29563
1.59;29577
1.78;29589
1.56;29601
1.61;29614
1.76;29626
1.60;29638
1.80;29651
1.78;29664
1.70;29676
1.91;29688
1.78;29701
1.85;29714
1.99;29726
1.83;29739
2.02;29751
1.98;29763
1.86;29776
2.02;29789
1.80;29801
1.75;29813
1.79;29826
1.55;29838
1.68;29851
1.63;29863
1.55;29876
1.76;29888
1.63;29900
1.71;29914
1.86;29926
1.66;29938
1.84;29950
1.80;29963
1.71;29976
1.90;29988
1.73;30001
1.76;30013
1.87;30025
1.70;30038
1.84;30051
1.79;30063
1.68;30075
1.87;30088
1.70;30100
1.74;30113
1.85;30126
1.69;30138
1.84;30150
1.80;30162
1.73;30176
1.96;30188
1.80;30200
1.81;30213
1.87;30225
1.64;30237
1.81;30251
1.79;30263
1.67;30275
1.86;30287
1.57;30300
1.42;30313
2.18;30325
3.18;30338
2.36;30350
1.69;30362
1.52;30375
1.63;30388
1.50;30400
1.59;30412
1.73;30425
1.58;30437
1.78;30450
1.76;30462
1.69;30475
1.90;30487
1.76;30499
1.84;30513
1.97;30525
1.83;30537
2.03;30550
1.96;30562
1.86;30575
2.00;30587
1.76;30600
1.72;30612
1.74;30624
1.51;30637
1.67;30650
1.62;30662
1.56;30674
1.76;30687
1.62;30699
1.70;30712
1.81;30725
1.64;30737
1.82;30749
1.78;30761
1.70;30775
1.88;30787
1.71;30799
1.76;30812
1.85;30824
1.67;30836
1.84;30850
1.77;30862
1.69;30874
1.89;30886
1.72;30899
1.77;30912
1.86;30924
1.67;30937
1.84;30949
1.78;30961
1.70;30974
1.91;30987
1.76;30999
1.85;31011
1.91;31024
1.68;31036
1.81;31049
1.74;31062
1.65;31074
1.85;31086
1.69;31098
1.71;31112
1.60;31124
1.48;31136
2.90;31149
2.98;31161
1.83;31174
1.78;31186
1.47;31199
1.52;31211
1.64;31223
1.52;31236
1.73;31249
1.69;31261
1.64;31273
1.87;31286
1.70;31298
1.79;31311
1.91;31324
1.77;31336
1.98;31348
1.95;31361
1.88;31374
2.05;31386
1.84;31398
1.85;31411
1.84;31423
1.59;31435
1.72;31449
1.62;31461
1.54;31473
1.73;31485
1.59;31498
1.70;31511
1.79;31523
1.62;31536
1.81;31548
1.75;31560
1.69;31574
1.88;31586
1.71;31598
1.80;31610
1.85;31623
1.66;31635
1.85;31648
1.77;31661
1.70;31673
1.87;31685
1.70;31697
1.76;31711
1.85;31723
1.66;31735
1.85;31748
1.77;31760
1.71;31773
1.91;31785
1.74;31798
1.87;31810
1.91;31822
1.69;31835
1.83;31848
1.73;31860
1.67;31873
1.84;31885
1.68;31897
1.74;31910
1.65;31923
1.37;31935
2.49;31947
3.12;31960
1.99;31973
1.82;31985
1.52;31997
1.56;32010
1.65;32022
1.52;32034
1.76;32048
1.70;32060
1.66;32072
1.86;32084
1.70;32097
1.81;32110
1.90;32122
1.77;32135
1.98;32147
1.94;32159
1.89;32173
2.05;32185
1.84;32197
1.87;32209
1.85;32222
1.60;32234
1.74;32247
1.63;32260
1.56;32272
1.74;32284
1.59;32296
1.71;32310
1.79;32322
1.64;32334
1.86;32347
1.77;32359
1.73;32372
1.91;32385
1.73;32397
1.81;32409
1.85;32421
1.67;32434
1.86;32447
1.77;32459
1.71;32472
1.88;32484
1.70;32496
1.78;32509
1.85;32522
1.69;32534
1.87;32546
1.78;32559
1.75;32572
1.91;32584
1.76;32596
1.87;32609
1.90;32621
1.68;32633
1.82;32647
1.72;32659
1.68;32671
1.86;32684
1.69;32696
1.70;32709
1.60;32721
1.80;32734
2.91;32746
2.16;32758
1.74;32772
1.84;32784
1.55;32796
1.65;32808
1.74;32821
1.62;32833
1.83;32846
1.76;32859
1.75;32871
1.92;32883
1.75;32896
1.89;32909
1.96;32921
1.84;32933
2.05;32946
1.96;32958
1.91;32971
2.04;32984
1.80;32996
1.81;33008
1.76;33020
1.53;33033
1.68;33046
1.57;33058
1.55;33071
1.74;33083
1.58;33095
1.72;33108
1.78;33121
1.64;33133
1.84;33145
1.74;33158
1.71;33171
1.88;33183
1.67;33196
1.78;33208
1.81;33220
1.65;33232
1.83;33246
1.72;33258
1.69;33270
1.86;33283
1.67;33295
1.78;33308
1.83;33320
1.71;33333
1.92;33345
1.78;33357
1.71;33371
1.84;33383
1.64;33395
1.76;33408
1.80;33420
1.66;33432
1.80;33445
1.50;33458
1.64;33470
2.98;33482
2.68;33495
1.82;33508
1.71;33520
1.48;33532
1.67;33545
1.60;33557
1.63;33570
1.82;33583
1.66;33595
1.80;33607
1.84;33619
1.71;33632
1.93;33645
1.83;33657
1.84;33670
2.02;33682
1.88;33694
1.98;33708
1.98;33720
1.80;33732
1.92;33744
1.72;33757
1.62;33770
1.73;33782
1.56;33795
1.66;33807
1.69;33819
1.57;33831
1.79;33845
1.69;33857
1.69;33869
1.85;33882
1.67;33894
1.82;33907
1.81;33920
1.66;33932
1.86;33944
1.73;33956
1.71;33970
1.85;33982
1.65;33994
1.79;34007
1.83;34019
1.70;34031
1.95;34044
1.80;34057
1.75;34069
1.85;34081
1.64;34094
1.77;34107
1.78;34119
1.65;34131
1.84;34144
1.57;34156
1.46;34169
2.39;34182
2.95;34194
2.07;34206
1.74;34219
1.52;34231
1.67;34244
1.56;34256
1.61;34269
1.78;34281
1.63;34293
1.79;34307
1.83;34319
1.71;34331
1.93;34343
1.83;34356
1.86;34369
2.03;34381
1.87;34394
2.01;34406
1.99;34418
1.83;34430
1.95;34444
1.72;34456
1.65;34468
1.73;34481
1.54;34493
1.67;34506
1.67;34519
1.56;34531
1.77;34543
1.65;34555
1.68;34569
1.83;34581
1.65;34593
1.82;34606
1.80;34618
1.68;34630
1.87;34643
1.72;34656
1.73;34668
1.85;34680
1.66;34693
1.83;34706
1.79;34718
1.67;34731
1.87;34743
1.72;34755
1.74;34768
1.88;34781
1.71;34793
1.90;34805
1.88;34818
1.73;34830
1.88;34843
1.69;34855
1.70;34868
1.82;34880
1.64;34892
1.82;34906
1.70;34918
1.41;34930
1.96;34942
2.98;34955
2.42;34968
1.84;34980
1.58;34993
1.63;35005
1.60;35017
1.54;35030
1.78;35043
1.67;35055
1.72;35067
1.85;35080
1.69;35092
1.86;35105
1.87;35118
1.77;35130
1.99;35142
1.87;35154
1.92;35168
2.03;35180
1.83;35192
1.96;35205
1.85;35217
1.66;35229
1.78;35243
1.58;35255
1.61;35267
1.73;35279
1.58;35292
1.78;35305
1.74;35317
1.65;35330
1.85;35342
1.70;35354
1.74;35367
1.86;35380
1.69;35392
1.84;35404
1.80;35417
1.69;35429
1.87;35442
1.71;35454
1.74;35467
1.85;35479
1.66;35491
1.85;35505
1.78;35517
1.68;35529
1.88;35542
1.72;35554
1.75;35567
1.86;35579
1.67;35592
1.84;35604
1.80;35616
1.70;35629
1.94;35642
1.77;35654
1.78;35666
1.84;35679
1.66;35691
1.81;35704
1.77;35717
1.68;35729
1.82;35741
1.48;35753
1.66;35767
2.86;35779
2.60;35791
1.91;35804
1.73;35816
1.52;35828
1.67;35842
1.54;35854
1.64;35866
1.78;35878
1.62;35891
1.81;35904
1.77;35916
1.72;35929
1.93;35941
1.80;35953
1.89;35966
2.00;35979
1.83;35991
2.01;36003
1.94;36016
1.83;36028
1.95;36041
1.71;36054
1.70;36066
1.74;36078
1.54;36090
1.72;36104
1.67;36116
1.61;36128
1.81;36141
1.66;36153
1.74;36166
1.85;36178
1.68;36191
1.87;36203
1.80;36215
1.72;36228
1.89;36241
1.70;36253
1.76;36265
1.85;36278
1.68;36290
1.86;36303
1.79;36316
1.71;36328
1.89;36340
1.72;36353
1.78;36366
1.86;36378
1.68;36390
1.86;36403
1.78;36415
1.72;36427
1.96;36441
1.77;36453
1.80;36465
1.83;36477
1.64;36490
1.83;36503
1.75;36515
1.70;36528
1.86;36540
1.57;36552
1.66;36566
2.38;36578
2.49;36590
1.91;36602
1.73;36615
1.62;36627
1.74;36640
1.57;36653
1.69;36665
1.78;36677
1.64;36689
1.85;36703
1.78;36715
1.75;36727
1.96;36740
1.79;36752
1.91;36765
1.99;36777
1.83;36790
2.01;36802
1.91;36814
1.82;36827
1.94;36840
1.68;36852
1.70;36865
1.70;36877
1.51;36889
1.69;36902
1.61;36915
1.59;36927
1.79;36939
1.63;36952
1.74;36965
1.82;36977
1.67;36989
1.86;37002
1.77;37014
1.71;37026
1.88;37040
1.69;37052
1.77;37064
1.82;37076
1.65;37089
1.84;37102
1.74;37114
1.70;37127
1.87;37139
1.69;37151
1.80;37165
1.85;37177
1.68;37189
1.88;37201
1.80;37214
1.80;37226
1.96;37239
1.74;37252
1.81;37264
1.81;37276
1.65;37288
1.84;37302
1.74;37314
1.71;37326
1.80;37339
1.43;37351
1.86;37364
3.03;37377
2.38;37389
1.84;37401
1.67;37413
1.55;37426
1.71;37439
1.57;37451
1.71;37464
1.76;37476
1.64;37488
1.86;37501
1.76;37514
1.75;37526
1.96;37538
1.78;37551
1.92;37564
1.98;37576
1.84;37588
2.04;37601
1.91;37613
1.85;37625
1.94;37639
1.65;37651
1.70;37663
1.69;37676
1.53;37688
1.73;37701
1.63;37713
1.63;37726
1.80;37738
1.65;37750
1.78;37764
1.81;37776
1.66;37788
1.86;37800
1.74;37813
1.73;37825
1.88;37838
1.69;37851
1.79;37863
1.81;37875
1.66;37888
1.86;37901
1.73;37913
1.74;37925
1.87;37938
1.68;37950
1.81;37963
1.82;37976
1.68;37988
1.87;38000
1.74;38012
1.73;38025
1.89;38038
1.73;38050
1.88;38063
1.86;38075
1.69;38087
1.85;38100
1.71;38113
1.71;38125
1.85;38137
1.66;38150
1.73;38163
1.52;38175
1.68;38188
3.19;38200
2.62;38212
1.76;38224
1.74;38238
1.45;38250
1.57;38262
1.62;38275
1.54;38287
1.77;38300
1.68;38312
1.71;38325
1.87;38337
1.72;38349
1.87;38363
1.89;38375
1.79;38387
2.02;38400
1.90;38412
1.91;38424
2.02;38437
1.79;38450
1.88;38462
1.78;38474
1.58;38487
1.74;38500
1.59;38512
1.60;38524
1.74;38537
1.58;38549
1.75;38562
1.75;38575
1.64;38587
1.85;38599
1.71;38611
1.73;38624
1.86;38637
1.71;38649
1.82;38662
1.80;38674
1.68;38686
1.88;38700
1.72;38712
1.74;38724
1.89;38736
1.68;38749
1.83;38762
1.80;38774
1.69;38787
1.89;38799
1.73;38811
1.75;38823
1.90;38837
1.69;38849
1.83;38861
1.81;38874
1.72;38886
1.95;38899
1.76;38912
1.75;38924
1.85;38936
1.65;38948
1.81;38962
1.79;38974
1.68;38986
1.75;38999
1.39;39011
2.11;39023
3.32;39036
2.18;39049
1.81;39061
1.64;39073
1.46;39086
1.66;39099
1.55;39111
1.63;39123
1.78;39136
1.62;39148
1.81;39161
1.79;39174
1.72;39186
1.93;39198
1.80;39211
1.87;39223
2.01;39236
1.83;39248
2.00;39261
1.95;39273
1.80;39285
1.92;39299
1.68;39311
1.66;39323
1.72;39335
1.53;39348
1.71;39361
1.68;39373
1.61;39386
1.81;39398
1.66;39410
1.72;39422
1.83;39436
1.65;39448
1.82;39460
1.78;39473
1.69;39485
1.87;39498
1.71;39511
1.76;39523
1.85;39535
1.66;39547
1.83;39561
1.77;39573
1.69;39585
1.88;39598
1.71;39610
1.76;39622
1.85;39635
1.67;39648
1.84;39660
1.79;39672
1.70;39685
1.88;39698
1.72;39710
1.79;39723
1.93;39735
1.72;39747
1.86;39760
1.76;39773
1.68;39785
1.87;39797
1.71;39810
1.77;39822
1.78;39835
1.41;39847
2.00;39860
2.99;39872
2.19;39884
1.90;39898
1.65;39910
1.60;39922
1.68;39934
1.56;39947
1.77;39960
1.74;39972
1.67;39985
1.87;39997
1.73;40009
1.83;40022
1.94;40035
1.81;40047
1.99;40059
1.94;40072
1.87;40084
2.04;40097
1.84;40110
1.87;40122
1.87;40134
1.65;40146
1.75;40160
1.62;40172
1.55;40184
1.74;40197
1.57;40209
1.68;40221
1.77;40235
1.64;40247
1.82;40259
1.75;40271
1.70;40284
1.89;40297
1.70;40309
1.78;40322
1.83;40334
1.66;40346
1.83;40359
1.75;40372
1.69;40384
1.88;40396
1.70;40409
1.77;40421
1.83;40434
1.68;40446
1.85;40459
1.76;40471
1.70;40483
1.87;40497
1.70;40509
1.83;40521
1.91;40534
1.70;40546
1.84;40559
1.73;40571
1.66;40584
1.83;40596
1.66;40608
1.75;40621
1.74;40634
1.46;40646
1.96;40658
2.74;40671
2.12;40683
1.83;40696
1.64;40709
1.64;40721
1.69;40733
1.56;40745
1.78;40759
1.72;40771
1.70;40783
1.90;40796
1.72;40808
1.85;40820
1.93;40834
1.79;40846
2.02;40858
1.92;40870
1.87;40883
2.03;40896
1.82;40908
1.88;40921
1.85;40933
1.62;40945
1.74;40958
1.62;40971
1.57;40983
1.74;40995
1.58;41008
1.71;41020
1.77;41033
1.63;41046
1.85;41058
1.76;41070
1.73;41082
1.89;41096
1.70;41108
1.80;41120
1.84;41133
1.67;41145
1.87;41158
1.75;41170
1.72;41183
1.88;41195
1.69;41207
1.79;41220
1.83;41233
1.66;41245
1.85;41257
1.74;41270
1.73;41282
1.92;41295
1.76;41308
1.84;41320
1.86;41332
1.66;41345
1.83;41358
1.72;41370
1.69;41382
1.86;41395
1.64;41407
1.58;41419
1.60;41433
2.51;41445
2.95;41457
1.87;41469
1.67;41482
1.71;41495
1.50;41507
1.64;41520
1.72;41532
1.61;41544
1.82;41558
1.74;41570
1.73;41582
1.91;41594
1.74;41607
1.90;41619
1.96;41632
1.82;41645
2.04;41657
1.94;41669
1.90;41681
2.01;41695
1.74;41707
1.78;41719
1.74;41732
1.53;41744
1.71;41757
1.59;41769
1.59;41782
1.76;41794
1.59;41806
1.74;41819
1.79;41832
1.65;41844
1.85;41857
1.74;41869
1.73;41881
1.87;41894
1.68;41907
1.83;41919
1.83;41931
1.68;41944
1.87;41957
1.73;41969
1.73;41981
1.87;41994
1.69;42006
1.81;42018
1.83;42032
1.68;42044
1.88;42056
1.74;42068
1.73;42081
1.87;42094
1.70;42106
1.85;42119
1.90;42131
1.73;42143
1.89;42157
1.72;42169
1.69;42181
1.84;42193
1.65;42206
1.80;42218
1.80;42231
1.52;42244
1.51;42256
2.21;42268
3.25;42280
2.30;42294
1.64;42306
1.62;42318
1.55;42331
1.45;42343
1.71;42356
1.61;42369
1.65;42381
1.82;42393
1.64;42405
1.81;42418
1.83;42431
1.73;42443
1.95;42456
1.85;42468
1.89;42480
2.04;42493
1.87;42506
1.97;42518
1.91;42530
1.70;42543
1.81;42556
1.61;42568
1.59;42580
1.72;42593
1.53;42605
1.72;42617
1.71;42631
1.60;42643
1.82;42655
1.69;42668
1.72;42680
1.85;42693
1.66;42705
1.81;42718
1.82;42730
1.69;42742
1.88;42756
1.73;42768
1.74;42780
1.86;42792
1.67;42805
1.82;42817
1.80;42830
1.68;42843
1.89;42855
1.74;42867
1.75;42880
1.89;42893
1.70;42905
1.84;42917
1.82;42930
1.70;42942
1.92;42955
1.81;42968
1.81;42980
1.90;42992
1.67;43004
1.82;43017
1.79;43030
1.68;43042
1.88;43055
1.69;43067
1.56;43079
1.66;43092
2.40;43105
2.78;43117
1.96;43129
1.71;43142
1.75;43155
1.56;43167
1.61;43180
1.77;43192
1.61;43204
1.79;43216
1.78;43230
1.71;43242
1.93;43254
1.81;43267
1.88;43279
2.01;43292
1.85;43304
2.02;43317
2.00;43329
1.86;43341
2.02;43355
1.80;43367
1.75;43379
1.78;43392
1.54;43404
1.67;43416
1.63;43429
1.53;43442
1.75;43454
1.62;43466
1.68;43479
1.81;43492
1.64;43504
1.83;43516
1.80;43529
1.70;43541
1.89;43554
1.72;43567
1.74;43579
1.85;43591
1.66;43603
1.82;43616
1.78;43629
1.67;43641
1.86;43654
1.70;43666
1.74;43678
1.84;43692
1.65;43704
1.82;43716
1.79;43728
1.71;43741
1.95;43754
1.75;43766
1.76;43779
1.82;43791
1.63;43803
1.80;43815
1.76;43829
1.67;43841
1.85;43853
1.54;43866
1.56;43878
2.32;43891
2.56;43904
1.94;43916
1.74;43928
1.61;43940
1.74;43954
1.59;43966
1.68;43978
1.81;43991
1.66;44003
1.84;44015
1.82;44028
1.75;44041
1.96;44053
1.83;44065
1.91;44078
2.02;44091
1.87;44103
2.04;44115
1.96;44128
1.83;44140
1.97;44153
1.70;44166
1.67;44178
1.71;44190
1.51;44203
1.68;44215
1.64;44228
1.57;44240
1.79;44253
1.65;44265
1.72;44277
1.81;44291
1.65;44303
1.84;44315
1.79;44327
1.72;44340
1.89;44353
1.70;44365
1.76;44378
1.84;44390
1.66;44402
1.84;44414
1.77;44428
1.70;44440
1.87;44452
1.70;44465
1.76;44477
1.85;44490
1.67;44503
1.85;44515
1.78;44527
1.72;44539
1.90;44553
1.74;44565
1.86;44577
1.93;44590
1.71;44602
1.85;44614
1.76;44627
1.68;44640
1.87;44652
1.70;44664
1.76;44677
1.71;44690
1.39;44702
2.25;44715
3.04;44727
2.03;44739
1.84;44752
1.60;44765
1.60;44777
1.69;44789
1.55;44802
1.78;44814
1.74;44827
1.70;44839
1.91;44852
1.73;44864
1.82;44876
1.93;44890
1.78;44902
1.99;44914
1.95;44926
1.89;44939
2.06;44952
1.86;44964
1.88;44977
1.86;44989
1.61;45001
1.73;45014
1.63;45027
1.54;45039
1.73;45051
1.56;45064
1.67;45076
1.77;45089
1.60;45102
1.77;45114
1.70;45126
1.64;45138
1.85;45152
1.69;45164
1.75;45176
1.87;45189
1.69;45201
1.88;45213
1.81;45227
1.70;45239
1.90;45251
1.70;45263
1.77;45276
1.87;45289
1.64;45301
1.85;45314
1.81;45326
1.69;45338
1.95;45351
1.75;45364
1.80;45376
1.94;45388
1.69;45401
1.89;45413
1.85;45426
1.76;45438
1.99;45451
1.74;45463
1.76;45475
1.87;45489
1.63;45501
1.84;45513
1.80;45526
1.66;45538
1.74;45551
1.36;45563
2.42;45576
3.43;45588
2.04;45600
1.79;45613
1.55;45626
1.38;45638
1.65;45650
1.50;45663
1.60;45675
1.77;45688
1.57;45701
1.81;45713
1.78;45725
1.67;45737
1.95;45751
1.76;45763
1.87;45775
2.03;45788
1.82;45800
2.04;45812
1.97;45826
1.78;45838
1.93;45850
1.63;45862
1.62;45875
1.72;45888
1.49;45900
1.72;45913
1.67;45925
1.58;45937
1.83;45950
1.65;45963
1.75;45975
1.86;45987
1.66;46000
1.87;46012
1.80;46025
1.70;46038
1.92;46050
1.70;46062
1.76;46074
1.86;46088
1.62;46100
1.82;46112
1.75;46125
1.67;46137
1.90;46150
1.71;46162
1.80;46175
1.89;46187
1.67;46199
1.87;46212
1.78;46225
1.68;46237
1.89;46249
1.67;46262
1.75;46274
1.84;46287
1.68;46300
1.93;46312
1.82;46324
1.70;46337
1.91;46350
1.71;46362
1.80;46374
1.90;46387
1.67;46399
1.76;46411
1.52;46425
1.94;46437
2.69;46449
1.82;46461
1.76;46474
1.74;46487
1.43;46499
1.63;46512
1.57;46524
1.54;46536
1.77;46550
1.61;46562
1.72;46574
1.83;46586
1.67;46599
1.93;46611
1.90;46624
1.89;46637
2.14;46649
1.96;46661
2.05;46673
2.08;46687
1.79;46699
1.88;46711
1.66;46724
1.49;46736
1.64;46749
1.38;46761
1.49;46774
1.57;46786
1.41;46798
1.64;46811
1.57;46824
1.52;46836
1.73;46849
1.55;46861
1.65;46873
1.67;46886
1.47;46899
1.68;46911
1.58;46923
1.54;46936
1.76;46949
1.57;46961
1.73;46973
1.78;46986
1.61;46998
1.85;47010
1.77;47024
1.78;47036
1.96;47048
1.72;47060
1.79;47073
1.84;47086
1.65;47098
1.89;47111
1.79;47123
1.75;47135
1.85;47149
1.45;47161
2.15;47173
3.21;47185
2.16;47198
1.75;47210
1.66;47223
1.58;47236
1.78;47248
1.61;47260
1.78;47272
1.86;47286
1.71;47298
1.95;47310
1.84;47323
1.81;47335
2.02;47348
1.83;47361
1.99;47373
2.08;47385
1.91;47397
2.13;47410
1.97;47423
1.85;47435
1.94;47448
1.66;47460
1.69;47472
1.70;47485
1.51;47498
1.74;47510
1.64;47522
1.61;47535
1.78;47548
1.57;47560
1.70;47572
1.72;47585
1.52;47597
1.69;47609
1.52;47623
1.48;47635
1.63;47647
1.46;47660
1.57;47672
1.63;47685
1.51;47697
1.77;47710
1.68;47722
1.69;47734
1.89;47748
1.70;47760
1.86;47772
1.90;47784
1.74;47797
1.97;47809
1.85;47822
1.85;47835
2.04;47847
1.79;47859
1.88;47872
1.85;47885
1.67;47897
1.89;47909
1.77;47922
1.80;47934
1.95;47947
1.57;47960
1.67;47972
2.90;47984
3.26;47996
2.16;48009
1.69;48022
1.58;48034
1.72;48047
1.55;48059
1.74;48071
1.80;48084
1.68;48097
1.92;48109
1.81;48121
1.83;48134
2.01;48147
1.84;48159
2.01;48172
2.07;48184
1.96;48196
2.19;48208
2.04;48222
2.00;48234
2.05;48246
1.73;48259
1.78;48271
1.73;48284
1.56;48296
1.75;48309
1.61;48321
1.64;48333
1.81;48347
1.61;48359
1.77;48371
1.79;48384
1.66;48396
1.88;48408
1.74;48421
1.77;48434
1.93;48446
1.74;48458
1.89;48471
1.89;48484
1.74;48496
1.93;48508
1.76;48521
1.78;48533
1.88;48546
1.67;48559
1.83;48571
1.81;48583
1.70;48595
1.92;48608
1.81;48621
1.82;48633
1.92;48646
1.67;48658
1.80;48670
1.78;48684
1.66;48696
1.88;48708
1.74;48720
1.69;48733
1.63;48746
1.68;48758
3.02;48771
2.71;48783
1.73;48795
1.81;48807
1.57;48821
1.57;48833
1.74;48845
1.58;48858
1.79;48870
1.79;48883
1.69;48896
1.91;48908
1.76;48920
1.81;48932
1.96;48946
1.79;48958
1.99;48970
2.00;48983
1.89;48995
2.08;49007
1.87;49020
1.83;49033
1.83;49045
1.55;49057
1.68;49070
1.63;49083
1.52;49095
1.74;49107
1.59;49120
1.66;49132
1.79;49145
1.61;49158
1.80;49170
1.79;49182
1.69;49195
1.92;49207
1.76;49220
1.81;49232
1.94;49245
1.72;49257
1.86;49269
1.81;49283
1.69;49295
1.87;49307
1.70;49319
1.75;49332
1.88;49345
1.64;49357
1.82;49370
1.79;49382
1.67;49394
1.88;49406
1.71;49420
1.75;49432
1.91;49444
1.76;49457
1.89;49469
1.81;49482
1.68;49495
1.89;49507
1.74;49519
1.79;49531
1.91;49545
1.61;49557
1.60;49569
2.02;49582
2.95;49594
2.39;49606
1.72;49619
1.69;49632
1.69;49644
1.50;49656
1.71;49669
1.69;49682
1.63;49694
1.85;49707
1.69;49719
1.76;49731
1.87;49744
1.72;49757
1.93;49769
1.89;49781
1.82;49794
2.03;49806
1.87;49819
1.91;49831
1.96;49844
1.70;49856
1.79;49868
1.67;49882
1.53;49894
1.72;49906
1.55;49918
1.64;49931
1.75;49944
1.59;49956
1.80;49969
1.73;49981
1.66;49993
1.87;50006
1.70;50019
1.76;50031
1.86;50043
1.66;50056
1.85;50068
1.77;50081
1.68;50094
1.88;50106
1.69;50118
1.77;50130
1.87;50144
1.69;50156
1.89;50168
1.82;50181
1.74;50193
1.96;50205
1.80;50219
1.89;50231
2.03;50243
1.89;50255
2.04;50268
1.94;50281
1.80;50293
1.97;50306
1.75;50318
1.79;50330
1.85;50343
1.59;50356
1.64;50368
1.91;50380
2.54;50393
2.07;50405
1.59;50418
1.74;50430
1.76;50443
1.60;50455
1.79;50467
1.75;50481
1.70;50493
1.90;50505
1.74;50518
1.83;50530
1.94;50543
1.77;50555
1.97;50568
1.92;50580
1.87;50592
2.07;50605
1.86;50618
1.92;50630
1.93;50642
1.65;50655
1.75;50667
1.59;50680
1.50;50693
1.66;50705
1.49;50717
1.61;50729
1.70;50743
1.54;50755
1.78;50767
1.70;50780
1.65;50792
1.84;50804
1.65;50818
1.74;50830
1.79;50842
1.61;50854
1.82;50867
1.72;50880
1.67;50892
1.85;50905
1.66;50917
1.76;50929
1.82;50942
1.64;50955
1.86;50967
1.74;50979
1.69;50992
1.89;51004
1.74;51017
1.84;51030
1.86;51042
1.67;51054
1.82;51066
1.73;51080
1.68;51092
1.86;51104
1.68;51117
1.68;51129
1.56;51142
1.92;51154
2.99;51167
2.06;51179
1.57;51191
1.76;51204
1.52;51217
1.64;51229
1.72;51241
1.60;51254
1.83;51266
1.76;51279
1.73;51292
1.91;51304
1.74;51316
1.88;51329
1.95;51342
1.81;51354
2.03;51366
1.93;51379
1.89;51391
2.03;51403
1.77;51417
1.79;51429
1.75;51441
1.53;51453
1.70;51466
1.58;51479
1.55;51491
1.75;51504
1.58;51516
1.72;51528
1.77;51542
1.63;51554
1.83;51566
1.74;51578
1.71;51591
1.87;51603
1.68;51616
1.80;51629
1.83;51641
1.67;51653
1.86;51665
1.74;51679
1.70;51691
1.86;51703
1.67;51716
1.79;51728
1.81;51741
1.66;51753
1.86;51766
1.76;51778
1.72;51790
1.89;51803
1.71;51816
1.88;51828
1.90;51841
1.71;51853
1.86;51865
1.72;51878
1.70;51891
1.86;51903
1.67;51915
1.80;51928
1.75;51941
1.42;51953
1.97;51965
2.99;51978
2.45;51990
1.81;52002
1.54;52016
1.60;52028
1.62;52040
1.52;52052
1.76;52065
1.66;52078
1.69;52090
1.86;52103
1.69;52115
1.84;52127
1.88;52141
1.76;52153
2.01;52165
1.91;52177
1.93;52190
2.08;52202
1.88;52215
1.95;52228
1.87;52240
1.62;52252
1.75;52264
1.56;52278
1.55;52290
1.70;52302
1.53;52315
1.72;52327
1.74;52340
1.62;52353
1.84;52365
1.72;52377
1.73;52389
1.87;52402
1.68;52415
1.82;52427
1.83;52440
1.69;52452
1.86;52464
1.72;52477
1.72;52490
1.86;52502
1.66;52514
1.80;52527
1.79;52540
1.66;52552
1.87;52564
1.73;52577
1.74;52589
1.89;52601
1.71;52615
1.89;52627
1.88;52639
1.74;52652
1.87;52664
1.68;52677
1.69;52689
1.83;52702
1.63;52714
1.79;52726
1.72;52740
1.43;52752
1.93;52764
2.88;52776
2.43;52789
1.81;52801
1.55;52814
1.61;52827
1.60;52839
1.52;52851
1.77;52864
1.66;52877
1.71;52889
1.86;52901
1.67;52914
1.85;52926
1.86;52939
1.78;52952
2.02;52964
1.90;52976
1.96;52988
2.08;53001
1.86;53014
1.96;53026
1.84;53039
1.63;53051
1.74;53063
1.55;53076
1.57;53089
1.70;53101
1.53;53113
1.72;53126
1.72;53139
1.62;53151
1.87;53164
1.70;53176
1.74;53188
1.87;53200
1.68;53214
1.84;53226
1.81;53238
1.69;53251
1.89;53263
1.74;53276
1.76;53288
1.87;53301
1.68;53313
1.85;53325
1.81;53339
1.71;53351
1.91;53363
1.74;53376
1.79;53388
1.90;53400
1.74;53413
1.94;53426
1.85;53438
1.70;53450
1.86;53463
1.68;53476
1.72;53488
1.85;53500
1.66;53513
1.77;53525
1.59;53538
1.74;53551
2.71;53563
2.14;53575
1.71;53587
1.82;53600
1.56;53613
1.73;53625
1.70;53638
1.65;53650
1.87;53662
1.73;53676
1.80;53688
1.96;53700
1.77;53712
1.97;53725
1.95;53738
1.89;53750
2.10;53763
1.94;53775
2.00;53787
2.06;53799
1.80;53813
1.89;53825
1.73;53837
1.56;53850
1.71;53862
1.50;53875
1.57;53888
1.68;53900
1.53;53912
1.72;53924
1.69;53938
1.62;53950
1.83;53962
1.67;53975
1.75;53987
1.85;53999
1.65;54012
1.83;54025
1.75;54037
1.66;54049
1.84;54062
1.66;54075
1.74;54087
1.82;54099
1.66;54112
1.83;54124
1.77;54137
1.73;54150
1.94;54162
1.72;54174
1.76;54187
1.79;54199
1.60;54212
1.80;54224
1.74;54237
1.68;54249
1.83;54261
1.51;54275
1.71;54287
2.52;54299
2.36;54311
1.81;54324
1.69;54337
1.58;54349
1.75;54362
1.59;54374
1.72;54386
1.82;54398
1.66;54412
1.88;54424
1.81;54436
1.76;54449
1.96;54461
1.82;54474
1.95;54487
2.04;54499
1.89;54511
2.07;54523
1.96;54537
1.86;54549
1.95;54561
1.67;54574
1.69;54586
1.71;54598
1.52;54611
1.73;54624
1.65;54636
1.66;54648
1.82;54661
1.64;54674
1.76;54686
1.83;54699
1.68;54711
1.87;54723
1.76;54736
1.71;54749
1.88;54761
1.69;54773
1.79;54786
1.84;54798
1.67;54811
1.87;54823
1.77;54836
1.73;54848
1.89;54860
1.70;54874
1.81;54886
1.85;54898
1.69;54910
1.89;54923
1.83;54936
1.81;54948
1.92;54961
1.68;54973
1.75;54985
1.79;54998
1.64;55011
1.84;55023
1.74;55035
1.64;55048
1.60;55060
1.70;55073
3.04;55086
2.70;55098
1.62;55110
1.71;55122
1.51;55136
1.50;55148
1.69;55160
1.55;55173
1.72;55185
1.77;55197
1.64;55211
1.86;55223
1.76;55235
1.77;55247
1.96;55260
1.80;55273
1.97;55285
2.02;55298
1.88;55310
2.06;55322
1.89;55335
1.78;55348
1.83;55360
1.56;55372
1.65;55385
1.66;55397
1.52;55410
1.74;55422
1.62;55435
1.63;55447
1.79;55459
1.62;55473
1.76;55485
1.78;55497
1.65;55510
1.86;55522
1.74;55535
1.73;55547
1.87;55560
1.67;55572
1.84;55584
1.81;55597
1.66;55610
1.86;55622
1.72;55634
1.73;55647
1.86;55659
1.67;55672
1.82;55685
1.81;55697
1.68;55709
1.89;55721
1.74;55735
1.81;55747
1.95;55759
1.71;55772
1.84;55784
1.78;55796
1.64;55810
1.85;55822
1.72;55834
1.73;55846
1.76;55859
1.38;55872
2.03;55884
3.17;55897
2.33;55909
1.80;55921
1.56;55934
1.51;55947
1.65;55959
1.51;55971
1.72;55984
1.74;55996
1.64;56009
1.86;56022
1.72;56034
1.77;56046
1.93;56058
1.77;56072
1.97;56084
1.99;56096
1.91;56109
2.08;56121
1.91;56134
1.88;56146
1.89;56159
1.61;56171
1.71;56183
1.63;56196
1.52;56209
1.73;56221
1.57;56233
1.63;56246
1.77;56258
1.60;56271
1.78;56284
1.76;56296
1.67;56308
1.87;56321
1.70;56334
1.75;56346
1.86;56358
1.67;56371
1.83;56383
1.79;56395
1.68;56409
1.88;56421
1.70;56433
1.75;56445
1.85;56458
1.66;56471
1.84;56483
1.79;56496
1.70;56508
1.89;56520
1.72;56534
1.76;56546
1.85;56558
1.67;56570
1.85;56583
1.85;56595
1.74;56608
1.89;56621
1.69;56633
1.74;56645
1.83;56657
1.65;56671
1.84;56683
1.73;56695
1.48;56708
1.87;56720
2.83;56733
2.69;56745
1.87;56758
1.58;56770
1.64;56782
1.56;56795
1.53;56808
1.75;56820
1.61;56833
1.74;56845
1.82;56857
1.66;56870
1.89;56883
1.85;56895
1.81;56907
2.03;56920
1.91;56933
2.00;56945
2.08;56957
1.88;56970
2.02;56982
1.83;56994
1.67;57008
1.76;57020
1.54;57032
1.63;57044
1.70;57057
1.54;57070
1.76;57082
1.68;57095
1.65;57107
1.85;57119
1.69;57133
1.79;57145
1.86;57157
1.70;57169
1.89;57182
1.78;57194
1.72;57207
1.89;57220
1.68;57232
1.78;57244
1.84;57256
1.67;57270
1.87;57282
1.77;57294
1.72;57307
1.90;57319
1.70;57332
1.79;57345
1.84;57357
1.66;57369
1.86;57381
1.74;57394
1.74;57407
1.95;57419
1.72;57432
1.79;57444
1.79;57456
1.63;57469
1.86;57482
1.73;57494
1.70;57506
1.78;57519
1.53;57532
2.14;57544
2.78;57556
1.80;57569
1.78;57581
1.67;57593
1.57;57607
1.74;57619
1.57;57631
1.74;57644
1.79;57656
1.66;57669
1.88;57681
1.78;57694
1.77;57706
1.97;57718
1.81;57732
1.97;57744
2.03;57756
1.89;57768
2.10;57781
1.90;57793
1.82;57806
1.87;57819
1.58;57831
1.65;57843
1.64;57856
1.49;57869
1.71;57881
1.59;57893
1.61;57906
1.78;57918
1.61;57931
1.76;57944
1.79;57956
1.65;57968
1.88;57980
1.74;57993
1.73;58006
1.87;58018
1.66;58031
1.80;58043
1.79;58055
1.65;58068
1.85;58081
1.72;58093
1.72;58105
1.86;58118
1.67;58131
1.81;58143
1.81;58156
1.67;58168
1.87;58180
1.75;58192
1.74;58206
1.88;58218
1.73;58230
1.90;58243
1.84;58255
1.68;58268
1.84;58280
1.70;58293
1.72;58305
1.85;58317
1.66;58331
1.74;58343
1.57;58355
1.83;58368
3.01;58380
2.21;58392
1.69;58405
1.77;58418
1.51;58430
1.68;58442
1.68;58455