
2.57
2.30
2.80
2.88
2.50
2.88
3.
1.64
2.09
1.99
1.68
2.07
2.14
1.75
2.21
2.18
2.16
2.12
2.08
2.04
1.99
1.95
1.90
1.86
1.82
1.79
1.77
2.05
2.24
1.81
1.97
2.29
1.90
1.86
2.24
1.92
1.66
2.02
1.83
1.45
1.77
1.79
1.36
1.60
1.81
1.38
1.49
1.84
1.49
1.41
1.85
1.62
1.40
1.83
1.76
1.42
1.78
1.87
1.48
1.72
1.96
1.56
1.63
2.00
1.66
1.57
2.00
1.77
1.52
1.94
1.87
1.51
1.84
1.95
1.54
1.74
2.01
1.60
1.64
2.02
1.70
1.57
2.00
1.80
1.52
1.94
1.90
1.52
1.85
1.99
1.57
1.74
2.03
1.63
1.64
2.05
1.74
1.59
2.04
1.90
1.60
1.98
1.96
1.55
1.83
1.97
1.54
1.70
2.01
1.65
1.62
2.02
1.74
1.56
1.99
1.83
1.48
1.80
1.84
1.71
2.41
2.99
2.50
2.17
2.05
1.52
1.44
1.89
1.65
1.45
1.86
1.76
1.45
1.81
1.89
1.50
1.76
1.99
1.58
1.70
2.04
1.69
1.63
2.05
1.81
1.60
2.03
1.96
1.64
2.01
2.11
1.72
1.97
2.22
1.82
1.91
2.26
1.93
1.84
2.24
2.04
1.76
2.15
2.03
1.62
1.90
1.95
1.50
1.65
1.87
1.47
1.49
1.84
1.53
1.40
1.81
1.64
1.38
1.78
1.76
1.41
1.72
1.87
1.47
1.65
1.94
1.57
1.58
1.97
1.69
1.53
1.95
1.80
1.51
1.90
1.90
1.52
1.80
1.98
1.55
1.70
1.99
1.63
1.61
2.00
1.73
1.54
1.96
1.83
1.52
1.90
1.93
1.54
1.80
2.00
1.59
1.71
2.03
1.67
1.61
2.01
1.76
1.54
1.96
1.86
1.53
1.91
1.96
1.56
1.79
2.03
1.65
1.74
2.07
1.71
1.61
2.00
1.76
1.51
1.91
1.84
1.48
1.82
1.92
1.52
1.73
1.98
1.56
1.57
1.86
1.52
1.65
2.54
2.84
2.60
2.51
1.99
1.37
1.64
1.81
1.41
1.59
1.86
1.49
1.52
1.91
1.63
1.51
1.93
1.77
1.50
1.90
1.90
1.54
1.83
1.99
1.60
1.77
2.07
1.71
1.71
2.12
1.86
1.70
2.13
2.01
1.74
2.12
2.16
1.81
2.07
2.25
1.85
1.96
2.26
1.85
1.75
2.09
1.77
1.52
1.88
1.74
1.38
1.72
1.76
1.36
1.60
1.83
1.43
1.53
1.88
1.58
1.49
1.90
1.71
1.47
1.89
1.82
1.48
1.82
1.92
1.52
1.74
1.97
1.61
1.65
2.01
1.69
1.57
1.98
1.77
1.52
1.92
1.88
1.52
1.83
1.95
1.54
1.74
2.00
1.62
1.64
2.02
1.72
1.58
1.99
1.81
1.53
1.93
1.90
1.52
1.83
1.97
1.59
1.73
2.02
1.68
1.65
2.03
1.76
1.61
2.04
1.88
1.56
1.92
1.92
1.52
1.77
1.94
1.53
1.67
1.99
1.64
1.60
2.00
1.74
1.52
1.89
1.72
1.39
1.98
2.45
2.50
2.72
2.46
1.68
1.53
1.85
1.54
1.48
1.87
1.63
1.42
1.83
1.75
1.43
1.78
1.88
1.49
1.73
1.96
1.58
1.67
2.02
1.70
1.61
2.03
1.83
1.61
2.03
1.98
1.64
1.99
2.12
1.73
1.94
2.20
1.82
1.87
2.24
1.93
1.81
2.22
2.00
1.70
2.04
1.96
1.53
1.79
1.89
1.46
1.60
1.87
1.49
1.49
1.86
1.57
1.43
1.85
1.71
1.42
1.81
1.83
1.47
1.75
1.93
1.52
1.68
1.98
1.62
1.61
2.00
1.74
1.55
1.97
1.84
1.52
1.89
1.93
1.53
1.80
1.99
1.59
1.70
2.03
1.68
1.62
2.02
1.77
1.56
1.96
1.87
1.53
1.90
1.97
1.57
1.80
2.04
1.66
1.74
2.08
1.74
1.62
2.01
1.76
1.51
1.90
1.82
1.48
1.81
1.92
1.52
1.74
1.98
1.59
1.62
1.95
1.60
1.50
2.10
2.21
2.24
2.62
2.23
1.57
1.69
1.74
1.39
1.60
1.91
1.54
1.56
1.95
1.67
1.53
1.97
1.82
1.54
1.93
1.94
1.57
1.86
2.03
1.63
1.80
2.11
1.74
1.74
2.15
1.88
1.71
2.14
2.01
1.72
2.10
2.14
1.76
2.05
2.24
1.83
1.96
2.25
1.86
1.77
2.12
1.81
1.53
1.90
1.76
1.40
1.72
1.77
1.37
1.59
1.81
1.43
1.51
1.86
1.53
1.45
1.87
1.69
1.43
1.84
1.78
1.44
1.78
1.90
1.50
1.71
1.97
1.58
1.62
1.99
1.68
1.56
1.97
1.78
1.52
1.93
1.89
1.52
1.85
1.96
1.54
1.74
2.03
1.65
1.67
2.06
1.78
1.66
2.08
1.90
1.57
1.94
1.92
1.51
1.79
1.95
1.54
1.70
2.00
1.65
1.62
2.01
1.74
1.54
1.94
1.76
1.42
1.93
2.28
2.18
2.55
2.42
1.69
1.60
1.82
1.50
1.51
1.96
1.73
1.52
1.95
1.87
1.53
1.91
1.99
1.60
1.86
2.09
1.69
1.78
2.17
1.80
1.73
2.17
1.94
1.71
2.14
2.07
1.72
2.07
2.17
1.75
1.98
2.24
1.84
1.91
2.28
1.96
1.84
2.24
2.01
1.72
2.09
1.97
1.55
1.83
1.91
1.47
1.66
1.89
1.49
1.51
1.89
1.59
1.44
1.87
1.71
1.43
1.84
1.84
1.46
1.77
1.93
1.52
1.71
1.98
1.61
1.61
2.01
1.73
1.54
1.96
1.81
1.50
1.89
1.90
1.51
1.78
1.96
1.55
1.69
2.00
1.64
1.62
1.99
1.73
1.54
1.95
1.85
1.52
1.89
1.97
1.60
1.84
2.03
1.60
1.68
2.00
1.63
1.54
1.95
1.71
1.49
1.89
1.81
1.46
1.81
1.90
1.49
1.69
1.88
1.45
1.56
2.22
2.28
2.47
2.68
2.05
1.46
1.68
1.64
1.35
1.70
1.82
1.42
1.63
1.91
1.53
1.58
1.96
1.67
1.55
1.98
1.81
1.54
1.94
1.94
1.57
1.88
2.04
1.64
1.83
2.12
1.75
1.76
2.16
1.90
1.73
2.17
2.02
1.73
2.12
2.13
1.74
2.03
2.18
1.75
1.84
2.09
1.67
1.58
1.93
1.66
1.42
1.80
1.69
1.36
1.72
1.76
1.37
1.63
1.84
1.46
1.57
1.91
1.58
1.53
1.95
1.72
1.50
1.91
1.83
1.50
1.84
1.92
1.52
1.75
1.99
1.58
1.66
2.00
1.67
1.57
1.98
1.76
1.52
1.92
1.86
1.51
1.84
1.95
1.54
1.74
2.00
1.61
1.66
2.04
1.73
1.62
2.04
1.87
1.61
1.99
1.94
1.56
1.85
1.96
1.53
1.70
1.97
1.59
1.60
1.98
1.69
1.54
1.96
1.79
1.49
1.84
1.78
1.37
1.77
2.39
2.51
2.85
2.77
1.88
1.48
1.77
1.55
1.40
1.80
1.69
1.39
1.77
1.83
1.46
1.74
1.95
1.55
1.69
2.02
1.67
1.63
2.04
1.80
1.61
2.02
1.94
1.62
1.98
2.06
1.67
1.93
2.17
1.78
1.88
2.24
1.90
1.84
2.25
2.04
1.81
2.22
2.10
1.71
1.98
2.01
1.55
1.70
1.91
1.49
1.51
1.84
1.53
1.41
1.81
1.63
1.38
1.80
1.75
1.40
1.71
1.85
1.46
1.63
1.92
1.55
1.57
1.96
1.66
1.52
1.96
1.77
1.49
1.88
1.88
1.51
1.79
1.96
1.55
1.70
1.99
1.62
1.61
1.98
1.72
1.54
1.96
1.82
1.52
1.89
1.92
1.53
1.80
1.99
1.59
1.70
2.01
1.67
1.61
2.01
1.76
1.56
1.98
1.88
1.56
1.94
2.01
1.61
1.82
2.04
1.60
1.67
2.02
1.64
1.55
1.96
1.74
1.51
1.92
1.85
1.51
1.83
1.89
1.43
1.58
2.01
2.08
2.63
3.14
2.41
1.75
1.82
1.59
1.38
1.78
1.74
1.38
1.69
1.83
1.46
1.64
1.94
1.56
1.59
1.98
1.69
1.56
1.98
1.83
1.55
1.95
1.96
1.59
1.90
2.09
1.68
1.85
2.17
1.80
1.81
2.21
1.96
1.79
2.22
2.10
1.80
2.17
2.18
1.76
1.98
2.13
1.64
1.69
1.95
1.55
1.46
1.82
1.56
1.35
1.75
1.66
1.35
1.70
1.79
1.40
1.63
1.89
1.49
1.59
1.93
1.60
1.54
1.95
1.73
1.51
1.90
1.84
1.50
1.83
1.93
1.53
1.75
1.98
1.61
1.66
2.01
1.69
1.57
1.97
1.78
1.53
1.92
1.89
1.52
1.83
1.96
1.56
1.75
2.02
1.65
1.67
2.03
1.74
1.59
1.99
1.82
1.54
1.91
1.91
1.53
1.82
2.01
1.58
1.74
2.05
1.70
1.67
2.02
1.73
1.54
1.93
1.78
1.47
1.83
1.86
1.49
1.76
1.95
1.56
1.68
1.97
1.58
1.48
1.86
1.86
2.10
2.92
2.79
2.04
1.94
1.77
1.41
1.66
1.87
1.48
1.56
1.90
1.59
1.51
1.92
1.72
1.51
1.91
1.85
1.52
1.85
1.95
1.56
1.78
2.05
1.67
1.73
2.10
1.79
1.69
2.13
1.96
1.72
2.14
2.13
1.79
2.13
2.26
1.86
2.05
2.32
1.92
1.91
2.22
1.85
1.63
1.97
1.75
1.42
1.75
1.74
1.35
1.62
1.78
1.39
1.53
1.83
1.49
1.47
1.86
1.61
1.45
1.86
1.75
1.45
1.81
1.85
1.50
1.74
1.94
1.54
1.65
1.98
1.63
1.58
1.98
1.73
1.53
1.92
1.83
1.50
1.85
1.92
1.54
1.74
1.97
1.58
1.66
2.00
1.67
1.60
1.97
1.75
1.53
1.93
1.86
1.52
1.84
1.94
1.53
1.74
1.99
1.60
1.66
2.02
1.70
1.60
2.03
1.84
1.56
1.95
1.89
1.51
1.81
1.93
1.52
1.70
1.97
1.60
1.62
1.98
1.70
1.54
1.93
1.74
1.44
1.94
2.21
2.12
2.52
2.39
1.67
1.61
1.77
1.43
1.45
1.87
1.62
1.45
1.88
1.77
1.48
1.85
1.89
1.52
1.79
2.01
1.61
1.74
2.06
1.72
1.69
2.09
1.85
1.66
2.09
2.00
1.69
2.05
2.14
1.76
2.01
2.24
1.85
1.96
2.31
1.98
1.91
2.29
2.04
1.76
2.10
1.97
1.56
1.83
1.89
1.45
1.61
1.85
1.46
1.49
1.85
1.54
1.42
1.83
1.66
1.40
1.79
1.77
1.43
1.74
1.88
1.49
1.66
1.95
1.58
1.60
1.98
1.70
1.54
1.96
1.81
1.52
1.90
1.90
1.52
1.80
1.96
1.56
1.70
1.98
1.63
1.61
1.99
1.72
1.54
1.95
1.82
1.52
1.89
1.91
1.52
1.79
1.97
1.58
1.73
2.01
1.67
1.62
2.01
1.77
1.57
1.98
1.88
1.57
1.94
2.01
1.60
1.82
2.02
1.60
1.66
1.99
1.65
1.55
1.95
1.74
1.50
1.90
1.84
1.49
1.79
1.87
1.45
1.70
2.17
2.09
2.41
2.67
1.99
1.56
1.81
1.58
1.39
1.83
1.81
1.46
1.77
1.91
1.52
1.71
1.99
1.63
1.66
2.04
1.77
1.65
2.06
1.94
1.69
2.09
2.11
1.76
2.06
2.23
1.85
2.02
2.31
1.96
1.97
2.35
2.08
1.92
2.31
2.18
1.87
2.21
2.20
1.78
1.98
2.10
1.64
1.69
1.93
1.55
1.46
1.81
1.56
1.34
1.72
1.64
1.31
1.63
1.71
1.33
1.55
1.78
1.42
1.49
1.84
1.53
1.44
1.85
1.67
1.43
1.82
1.78
1.45
1.77
1.88
1.49
1.69
1.95
1.56
1.60
1.97
1.65
1.52
1.92
1.75
1.48
1.86
1.84
1.48
1.77
1.91
1.52
1.68
1.96
1.60
1.60
1.99
1.71
1.55
1.98
1.83
1.54
1.92
1.94
1.57
1.85
2.02
1.62
1.76
2.07
1.70
1.67
2.07
1.79
1.60
2.02
1.93
1.62
1.96
1.98
1.58
1.82
2.00
1.60
1.70
2.02
1.68
1.64
2.03
1.80
1.59
1.99
1.89
1.52
1.84
1.96
1.88
2.54
3.10
2.53
2.11
1.99
1.50
1.41
1.85
1.65
1.42
1.80
1.75
1.43
1.75
1.87
1.49
1.69
1.95
1.57
1.62
1.98
1.68
1.57
1.99
1.82
1.58
1.97
1.96
1.61
1.94
2.09
1.71
1.90
2.18
1.82
1.85
2.23
1.94
1.79
2.19
2.04
1.73
2.06
2.01
1.58
1.79
1.91
1.47
1.55
1.82
1.44
1.40
1.79
1.53
1.35
1.74
1.65
1.36
1.73
1.79
1.44
1.71
1.93
1.56
1.69
2.03
1.70
1.64
2.04
1.80
1.58
1.97
1.88
1.54
1.87
1.95
1.54
1.75
1.97
1.59
1.64
1.98
1.65
1.56
1.96
1.74
1.51
1.91
1.87
1.52
1.84
1.95
1.56
1.76
2.02
1.64
1.68
2.03
1.73
1.60
1.99
1.82
1.55
1.92
1.90
1.54
1.84
1.99
1.58
1.74
2.01
1.65
1.66
2.02
1.74
1.59
1.99
1.84
1.56
1.93
1.93
1.58
1.88
2.03
1.63
1.74
2.02
1.66
1.62
1.98
1.73
1.55
1.95
1.82
1.52
1.88
1.91
1.53
1.75
1.87
1.43
1.58
2.29
2.50
2.80
2.92
2.13
1.48
1.74
1.70
1.39
1.71
1.78
1.41
1.63
1.88
1.50
1.58
1.94
1.63
1.56
1.96
1.76
1.54
1.94
1.89
1.57
1.89
2.04
1.64
1.85
2.11
1.74
1.81
2.18
1.91
1.81
2.23
2.08
1.83
2.23
2.22
1.86
2.16
2.25
1.81
1.93
2.13
1.67
1.61
1.91
1.59
1.40
1.77
1.61
1.34
1.70
1.72
1.36
1.63
1.81
1.43
1.57
1.91
1.55
1.52
1.94
1.67
1.48
1.89
1.77
1.47
1.82
1.88
1.50
1.74
1.96
1.56
1.66
1.98
1.66
1.59
2.00
1.76
1.54
1.94
1.85
1.52
1.85
1.93
1.54
1.75
1.99
1.60
1.67
2.01
1.70
1.60
2.01
1.80
1.55
1.94
1.88
1.53
1.84
1.94
1.55
1.74
2.00
1.62
1.65
2.01
1.71
1.58
1.98
1.82
1.54
1.93
1.92
1.55
1.84
1.98
1.59
1.75
2.04
1.67
1.68
2.07
1.81
1.64
2.01
1.85
1.54
1.89
1.90
1.51
1.78
1.95
1.56
1.69
2.00
1.65
1.61
1.97
1.69
1.43
1.80
1.93
2.05
2.85
2.92
2.11
1.84
1.80
1.43
1.55
1.86
1.52
1.44
1.85
1.65
1.43
1.84
1.78
1.47
1.81
1.92
1.52
1.75
2.01
1.63
1.70
2.07
1.77
1.68
2.10
1.93
1.68
2.09
2.08
1.74
2.07
2.22
1.83
2.03
2.32
1.94
1.96
2.34
2.02
1.84
2.19
1.96
1.61
1.92
1.86
1.43
1.66
1.81
1.39
1.52
1.82
1.45
1.42
1.81
1.56
1.39
1.80
1.70
1.38
1.75
1.79
1.43
1.69
1.89
1.50
1.61
1.93
1.58
1.53
1.94
1.71
1.50
1.91
1.83
1.50
1.84
1.92
1.51
1.74
1.99
1.58
1.65
1.99
1.66
1.57
1.97
1.76
1.52
1.93
1.87
1.52
1.84
1.95
1.54
1.74
2.01
1.61
1.64
2.02
1.69
1.57
1.98
1.81
1.53
1.92
1.90
1.53
1.84
1.98
1.57
1.74
2.03
1.66
1.67
2.05
1.76
1.62
2.04
1.89
1.57
1.93
1.93
1.54
1.80
1.98
1.57
1.72
2.04
1.69
1.67
2.08
1.82
1.60
1.96
1.80
1.51
2.10
2.50
2.44
2.58
2.34
1.60
1.51
1.84
1.55
1.49
1.90
1.67
1.46
1.87
1.82
1.49
1.84
1.95
1.55
1.79
2.06
1.65
1.72
2.09
1.77
1.68
2.10
1.90
1.65
2.06
2.02
1.68
2.02
2.16
1.77
1.98
2.28
1.90
1.94
2.33
2.03
1.90
2.29
2.07
1.74
2.07
1.99
1.54
1.77
1.87
1.43
1.55
1.83
1.45
1.43
1.81
1.53
1.36
1.77
1.66
1.36
1.74
1.78
1.41
1.69
1.88
1.50
1.63
1.95
1.60
1.57
1.97
1.73
1.52
1.93
1.84
1.51
1.86
1.92
1.52
1.77
2.00
1.58
1.67
2.01
1.67
1.59
1.98
1.77
1.53
1.94
1.87
1.52
1.86
1.95
1.55
1.76
2.03
1.62
1.69
2.05
1.74
1.65
2.07
1.88
1.60
1.96
1.92
1.52
1.80
1.92
1.51
1.68
1.97
1.58
1.59
1.97
1.68
1.53
1.95
1.76
1.43
1.80
1.92
1.84
2.43
2.74
2.08
1.83
1.87
1.40
1.37
1.82
1.60
1.44
1.87
1.76
1.47
1.84
1.91
1.53
1.79
2.00
1.60
1.72
2.05
1.72
1.67
2.08
1.86
1.65
2.06
1.98
1.65
2.01
2.11
1.72
1.96
2.21
1.83
1.91
2.26
1.94
1.85
2.26
2.04
1.76
2.13
2.02
1.59
1.85
1.90
1.45
1.60
1.84
1.44
1.46
1.82
1.52
1.38
1.79
1.64
1.36
1.75
1.76
1.40
1.71
1.86
1.47
1.64
1.95
1.59
1.59
1.97
1.71
1.54
1.96
1.82
1.52
1.90
1.92
1.53
1.80
1.98
1.57
1.70
2.04
1.65
1.61
2.01
1.74
1.55
1.96
1.85
1.52
1.88
1.93
1.53
1.77
1.99
1.60
1.71
2.05
1.71
1.66
2.08
1.84
1.60
1.99
1.89
1.52
1.83
1.91
1.50
1.72
1.98
1.56
1.62
1.98
1.66
1.56
1.96
1.74
1.44
1.81
1.87
1.83
2.51
2.83
2.17
1.90
1.85
1.35
1.41
1.85
1.58
1.47
1.90
1.74
1.47
1.86
1.87
1.51
1.80
1.96
1.57
1.73
2.04
1.68
1.69
2.08
1.81
1.65
2.08
1.96
1.66
2.07
2.08
1.71
1.99
2.19
1.80
1.94
2.27
1.92
1.88
2.28
2.02
1.79
2.16
2.00
1.61
1.89
1.90
1.46
1.65
1.84
1.44
1.50
1.83
1.51
1.42
1.83
1.62
1.39
1.82
1.74
1.42
1.76
1.88
1.48
1.69
1.95
1.57
1.61
1.97
1.67
1.55
1.96
1.78
1.52
1.92
1.89
1.53
1.84
1.97
1.57
1.74
2.03
1.64
1.65
2.02
1.74
1.58
1.99
1.84
1.53
1.91
1.93
1.54
1.82
1.99
1.58
1.72
2.03
1.66
1.63
2.03
1.76
1.57
1.98
1.85
1.53
1.89
1.93
1.53
1.80
2.01
1.61
1.74
2.09
1.74
1.65
2.03
1.78
1.54
1.93
1.84
1.50
1.84
1.92
1.53
1.76
2.01
1.61
1.67
2.00
1.61
1.47
1.96
2.15
2.40
3.11
2.78
1.88
1.74
1.72
1.37
1.58
1.85
1.47
1.50
1.88
1.59
1.47
1.91
1.75
1.49
1.91
1.90
1.54
1.84
2.01
1.62
1.79
2.10
1.74
1.74
2.14
1.88
1.73
2.16
2.04
1.74
2.14
2.18
1.81
2.09
2.29
1.88
2.00
2.33
1.95
1.86
2.21
1.89
1.60
1.96
1.80
1.40
1.72
1.77
1.35
1.55
1.80
1.40
1.47
1.87
1.52
1.43
1.87
1.68
1.42
1.84
1.81
1.44
1.77
1.91
1.50
1.70
1.98
1.58
1.61
2.02
1.69
1.54
1.98
1.80
1.50
1.89
1.88
1.49
1.80
1.97
1.54
1.70
2.03
1.61
1.59
2.00
1.72
1.54
2.00
1.84
1.51
1.90
1.93
1.53
1.83
2.03
1.61
1.75
2.10
1.74
1.71
2.13
1.87
1.68
2.12
2.00
1.68
2.05
2.11
1.71
1.96
2.14
1.74
1.87
2.21
1.83
1.74
2.13
1.86
1.61
2.01
1.92
1.58
1.94
2.00
1.60
1.81
2.03
1.64
1.69
1.99
1.56
1.48
2.22
2.52
2.66
2.90
2.35
1.59
1.76
1.93
1.57
1.81
2.09
1.74
1.83
2.23
1.92
1.81
2.25
2.04
1.74
2.19
2.27
2.03
2.46
2.67
2.34
2.58
2.87
2.45
2.46
2.79
2.44
2.25
2.64
2.43
2.11
2.45
2.39
1.99
2.25
2.37
1.90
2.02
2.27
1.84
1.73
2.00
1.62
1.33
1.65
1.47
1.11
1.40
1.43
1.05
1.26
1.48
1.10
1.13
1.47
1.14
1.01
1.39
1.19
0.92
1.27
1.25
0.89
1.17
1.32
0.94
1.09
1.38
1.04
1.05
1.44
1.20
1.05
1.49
1.36
1.10
1.49
1.52
1.17
1.47
1.65
1.26
1.43
1.75
1.39
1.37
1.77
1.51
1.33
1.76
1.64
1.33
1.72
1.76
1.38
1.65
1.86
1.45
1.57
1.92
1.58
1.50
1.93
1.69
1.46
1.88
1.78
1.44
1.80
1.88
1.47
1.72
1.97
1.56
1.65
2.04
1.73
1.63
2.05
1.81
1.53
1.93
1.86
1.47
1.82
1.96
1.52
1.73
2.03
1.61
1.65
2.03
1.68
1.49
1.87
1.75
1.75
2.59
2.91
2.35
2.17
1.96
1.44
1.63
1.95
1.55
1.52
1.93
1.66
1.47
1.91
1.77
1.46
1.86
1.89
1.49
1.77
1.96
1.54
1.67
2.00
1.65
1.62
2.06
1.82
1.65
2.12
2.03
1.72
2.12
2.20
1.80
2.08
2.31
1.90
2.01
2.37
2.00
1.90
2.29
1.99
1.68
2.03
1.89
1.48
1.77
1.84
1.40
1.58
1.83
1.45
1.48
1.86
1.54
1.42
1.85
1.66
1.39
1.81
1.78
1.41
1.74
1.89
1.48
1.67
1.97
1.59
1.60
2.01
1.71
1.56
1.99
1.83
1.53
1.95
1.96
1.56
1.85
2.03
1.61
1.74
2.07
1.70
1.66
2.07
1.79
1.59
2.03
1.89
1.57
1.95
1.98
1.56
1.83
2.03
1.63
1.71
2.05
1.69
1.63
2.04
1.79
1.56
1.99
1.90
1.54
1.91
1.99
1.58
1.82
2.08
1.67
1.74
2.08
1.72
1.59
2.00
1.78
1.52
1.93
1.88
1.51
1.84
1.97
1.55
1.74
2.00
1.55
1.55
1.99
1.91
2.07
2.75
2.47
1.78
1.89
1.73
1.34
1.69
1.87
1.45
1.61
1.92
1.54
1.55
1.97
1.71
1.52
1.97
1.85
1.54
1.94
1.96
1.57
1.87
2.08
1.66
1.80
2.15
1.78
1.76
2.19
1.94
1.74
2.18
2.10
1.75
2.15
2.21
1.80
2.06
2.28
1.85
1.91
2.23
1.81
1.66
2.02
1.74
1.45
1.82
1.74
1.36
1.68
1.79
1.38
1.58
1.86
1.47
1.51
1.90
1.60
1.47
1.91
1.75
1.45
1.87
1.85
1.47
1.79
1.95
1.54
1.71
2.01
1.62
1.62
2.02
1.72
1.54
1.98
1.83
1.51
1.91
1.92
1.52
1.81
1.99
1.57
1.71
2.04
1.66
1.62
2.03
1.79
1.57
2.01
1.90
1.55
1.95
2.02
1.60
1.85
2.05
1.62
1.70
2.03
1.65
1.56
1.98
1.74
1.49
1.92
1.84
1.47
1.82
1.90
1.45
1.64
1.87
1.53
1.85
2.54
2.47
2.15
2.19
1.73
1.31
1.72
1.75
1.40
1.74
1.89
1.49
1.67
1.97
1.59
1.61
2.02
1.72
1.57
2.02
1.86
1.56
1.98
2.00
1.61
1.93
2.13
1.70
1.86
2.20
1.83
1.82
2.26
1.99
1.80
2.25
2.13
1.80
2.20
2.24
1.81
2.05
2.22
1.74
1.77
2.07
1.65
1.51
1.91
1.64
1.37
1.79
1.72
1.34
1.70
1.80
1.38
1.61
1.89
1.48
1.54
1.95
1.62
1.51
1.97
1.77
1.50
1.94
1.91
1.53
1.86
2.01
1.57
1.75
2.05
1.63
1.64
2.05
1.74
1.56
2.00
1.83
1.51
1.91
1.92
1.50
1.81
1.99
1.57
1.70
2.04
1.64
1.61
2.04
1.76
1.55
1.99
1.86
1.51
1.90
1.96
1.53
1.82
2.05
1.63
1.76
2.12
1.73
1.64
2.05
1.78
1.51
1.93
1.84
1.46
1.84
1.94
1.51
1.74
2.00
1.57
1.63
1.99
1.59
1.42
1.86
1.89
2.06
2.91
2.83
2.02
1.86
1.75
1.33
1.57
1.87
1.47
1.50
1.90
1.60
1.47
1.92
1.75
1.48
1.90
1.91
1.51
1.84
2.02
1.61
1.76
2.08
1.70
1.68
2.11
1.81
1.64
2.09
1.96
1.66
2.08
2.13
1.74
2.04
2.26
1.84
1.99
2.33
1.94
1.86
2.23
1.90
1.61
1.99
1.83
1.44
1.76
1.82
1.38
1.61
1.85
1.43
1.52
1.89
1.54
1.46
1.90
1.68
1.44
1.88
1.83
1.46
1.81
1.94
1.51
1.73
2.00
1.59
1.63
2.03
1.71
1.58
2.01
1.82
1.53
1.95
1.93
1.52
1.85
1.99
1.55
1.73
2.03
1.63
1.64
2.04
1.73
1.55
1.99
1.83
1.51
1.91
1.93
1.52
1.81
2.00
1.55
1.69
2.03
1.64
1.60
2.02
1.75
1.57
2.00
1.88
1.53
1.95
2.03
1.60
1.85
2.05
1.60
1.68
2.03
1.65
1.57
2.00
1.76
1.52
1.95
1.87
1.50
1.86
1.93
1.45
1.61
1.87
1.73
2.27
3.11
2.71
2.11
2.04
1.64
1.36
1.79
1.76
1.36
1.70
1.86
1.44
1.63
1.94
1.57
1.58
2.00
1.71
1.56
2.01
1.85
1.54
1.96
1.97
1.57
1.90
2.09
1.66
1.84
2.18
1.81
1.79
2.24
1.97
1.80
2.26
2.15
1.80
2.21
2.24
1.80
2.05
2.21
1.71
1.75
2.03
1.61
1.46
1.86
1.59
1.34
1.76
1.69
1.31
1.68
1.78
1.37
1.61
1.88
1.47
1.54
1.94
1.60
1.48
1.94
1.75
1.47
1.90
1.85
1.47
1.83
1.96
1.53
1.74
2.02
1.61
1.63
2.03
1.71
1.55
2.00
1.82
1.52
1.93
1.94
1.52
1.84
2.00
1.56
1.73
2.04
1.64
1.63
2.04
1.77
1.56
2.00
1.88
1.53
1.92
1.95
1.53
1.81
2.02
1.58
1.71
2.05
1.66
1.61
2.04
1.78
1.55
1.99
1.91
1.53
1.91
1.98
1.55
1.81
2.08
1.66
1.74
2.09
1.72
1.59
2.01
1.80
1.51
1.94
1.89
1.51
1.86
1.98
1.55
1.76
2.01
1.54
1.52
1.89
1.78
2.09
3.02
2.89
2.18
2.08
1.79
1.38
1.73
1.87
1.43
1.60
1.91
1.52
1.54
1.96
1.67
1.52
1.98
1.83
1.53
1.94
1.96
1.56
1.87
2.06
1.63
1.79
2.13
1.75
1.72
2.16
1.89
1.71
2.17
2.10
1.74
2.15
2.21
1.80
2.08
2.31
1.86
1.94
2.25
1.83
1.68
2.04
1.74
1.44
1.82
1.73
1.32
1.67
1.76
1.34
1.57
1.84
1.44
1.50
1.90
1.57
1.46
1.91
1.73
1.44
1.87
1.83
1.45
1.80
1.94
1.51
1.71
2.00
1.59
1.61
2.02
1.70
1.54
1.98
1.81
1.50
1.91
1.91
1.50
1.81
1.99
1.55
1.71
2.03
1.63
1.60
2.02
1.73
1.53
1.97
1.86
1.50
1.89
1.94
1.51
1.79
2.01
1.57
1.70
2.05
1.67
1.60
2.03
1.77
1.53
1.97
1.88
1.51
1.87
1.96
1.52
1.77
2.03
1.59
1.67
2.05
1.70
1.60
2.04
1.83
1.57
2.02
1.95
1.54
1.88
2.02
1.53
1.73
2.02
1.59
1.62
2.02
1.70
1.55
2.00
1.81
1.48
1.85
1.78
1.36
1.90
2.49
2.51
2.69
2.54
1.72
1.48
1.89
1.62
1.43
1.86
1.72
1.39
1.80
1.85
1.44
1.74
1.96
1.54
1.68
2.06
1.66
1.62
2.06
1.79
1.58
2.03
1.96
1.59
1.97
2.05
1.64
1.92
2.20
1.76
1.88
2.27
1.92
1.84
2.29
2.06
1.81
2.23
2.13
1.71
2.00
2.05
1.54
1.71
1.94
1.47
1.47
1.84
1.51
1.37
1.80
1.61
1.32
1.75
1.74
1.35
1.68
1.86
1.42
1.61
1.93
1.52
1.53
1.95
1.66
1.48
1.95
1.79
1.48
1.89
1.92
1.50
1.80
1.99
1.54
1.68
2.02
1.63
1.59
2.02
1.73
1.52
1.96
1.84
1.49
1.88
1.94
1.51
1.78
2.01
1.58
1.68
2.05
1.68
1.59
2.03
1.78
1.53
1.97
1.89
1.51
1.88
1.97
1.54
1.77
2.04
1.60
1.66
2.07
1.70
1.58
2.03
1.82
1.53
1.96
1.93
1.56
1.92
2.04
1.57
1.75
2.03
1.60
1.61
2.02
1.69
1.53
1.99
1.83
1.53
1.97
1.97
1.53
1.81
1.96
1.61
2.03
2.66
2.46
2.21
2.24
1.72
1.40
1.85
1.76