1.17
3.294
2.25
3.75
1.69
1.75
3.84
2.01
1.31
3.55
2.39
1.07
3.20
1.27
3.51
2.44
1.05
3.14
2.87
1.17
2.72
3.33
1.44
2.25
3.75
1.69
1.75
3.84
2.01
1.31
3.55
2.39
1.07
3.20
3.27
3.45
3.60
3.74
3.86
3.87
3.74
3.56
3.35
3.13
2.92
2.70
2.26
1.11
3.32
2.66
1.08
2.92
3.12
1.30
2.47
3.57
1.55
1.97
3.88
1.85
1.51
3.70
2.20
1.15
3.37
2.61
1.07
2.99
3.05
1.26
2.54
3.50
1.51
2.05
3.85
1.81
1.57
3.73
2.15
1.19
3.42
2.54
1.05
3.04
2.99
1.23
2.61
3.44
1.47
2.12
3.82
1.76
1.64
3.78
2.09
1.23
3.48
2.48
1.05
3.10
2.91
1.19
2.69
3.37
1.43
2.20
3.77
1.72
1.70
3.81
2.04
1.28
3.52
2.42
1.05
3.16
2.85
1.16
2.77
3.30
1.39
2.27
3.73
1.67
1.78
3.85
1.98
1.33
3.56
2.36
1.07
3.22
2.79
1.13
2.82
3.24
1.36
2.35
3.68
1.62
1.85
3.87
1.94
1.39
3.63
2.30
1.09
3.27
2.72
1.10
2.88
3.17
1.32
2.42
3.62
1.58
1.92
3.89
1.89
1.46
3.67
2.24
1.12
3.33
2.65
1.09
2.94
3.10
1.29
2.48
3.55
1.54
1.99
3.87
1.84
1.52
3.70
2.19
1.15
3.38
2.59
1.06
3.00
3.03
1.25
2.56
3.50
1.49
2.07
3.84
1.79
1.58
3.75
2.14
1.19
3.44
2.53
1.05
3.06
2.98
1.22
2.63
3.42
1.46
2.14
3.81
1.75
1.66
3.79
2.08
1.25
3.48
2.47
1.03
3.12
2.91
1.19
2.70
3.36
1.42
2.23
3.76
1.71
1.73
3.83
2.03
1.30
3.53
2.40
1.06
3.18
2.83
1.15
2.78
3.29
1.38
2.29
3.71
1.66
1.79
3.86
1.98
1.35
3.58
2.35
1.08
3.23
2.77
1.12
2.83
3.22
1.35
2.36
3.65
1.62
1.86
3.87
1.93
1.41
3.63
2.29
1.10
3.29
2.70
1.09
2.90
3.15
1.31
2.44
3.60
1.57
1.95
3.88
1.88
1.47
3.69
2.23
1.13
3.35
2.63
1.07
2.96
3.08
1.28
2.51
3.53
1.53
2.01
3.86
1.83
1.54
3.71
2.17
1.18
3.40
2.57
1.06
3.02
3.01
1.24
2.58
3.48
1.49
2.09
3.83
1.78
1.61
3.76
2.12
1.21
3.45
2.51
1.05
3.08
2.95
1.21
2.64
3.40
1.45
2.17
3.79
1.74
1.67
3.80
2.07
1.26
3.50
2.44
1.05
3.14
2.88
1.18
2.71
3.34
1.41
2.24
3.75
1.69
1.74
3.83
2.02
1.31
3.55
2.39
1.06
3.22
2.82
1.14
2.79
3.26
1.37
2.31
3.70
1.65
1.81
3.89
1.96
1.37
3.60
2.33
1.08
3.26
2.75
1.11
2.84
3.20
1.34
2.39
3.64
1.60
1.89
3.88
1.92
1.43
3.64
2.27
1.10
3.30
2.68
1.09
2.91
3.13
1.30
2.46
3.60
1.56
1.96
3.88
1.86
1.50
3.69
2.21
1.13
3.36
2.61
1.07
2.97
3.06
1.27
2.53
3.52
1.52
2.03
3.86
1.81
1.56
3.72
2.16
1.18
3.41
2.56
1.06
3.04
3.00
1.23
2.60
3.45
1.48
2.11
3.82
1.76
1.62
3.76
2.11
1.22
3.46
2.49
1.05
3.09
2.93
1.20
2.66
3.38
1.44
2.18
3.78
1.72
1.69
3.81
2.04
1.27
3.51
2.43
1.05
3.16
2.86
1.17
2.74
3.32
1.40
2.26
3.73
1.68
1.76
3.84
2.00
1.32
3.55
2.38
1.06
3.21
2.80
1.13
2.79
3.26
1.37
2.32
3.69
1.64
1.82
3.87
1.96
1.37
3.60
2.32
1.08
3.26
2.73
1.10
2.85
3.19
1.33
2.39
3.63
1.60
1.89
3.88
1.91
1.43
3.64
2.26
1.10
3.30
2.67
1.08
2.91
3.13
1.30
2.46
3.57
1.55
1.96
3.87
1.85
1.50
3.69
2.21
1.14
3.36
2.61
1.06
2.98
3.05
1.26
2.53
3.50
1.52
2.04
3.85
1.81
1.55
3.73
2.17
1.18
3.41
2.55
1.05
3.05
2.99
1.23
2.60
3.44
1.47
2.11
3.82
1.76
1.62
3.77
2.10
1.22
3.46
2.48
1.04
3.10
2.92
1.19
2.67
3.37
1.46
2.18
3.77
1.72
1.70
3.81
2.05
1.27
3.52
2.42
1.05
3.16
2.85
1.17
2.74
3.30
1.39
2.26
3.74
1.67
1.77
3.85
1.99
1.32
3.56
2.36
1.07
3.22
2.78
1.13
2.81
3.25
1.36
2.34
3.67
1.63
1.83
3.87
1.94
1.39
3.61
2.30
1.09
3.27
2.73
1.10
2.87
3.17
1.32
2.40
3.61
1.58
1.91
3.87
1.89
1.45
3.66
2.24
1.12
3.32
2.65
1.07
2.94
3.10
1.29
2.49
3.55
1.54
1.99
3.86
1.84
1.52
3.70
2.19
1.15
3.38
2.59
1.06
3.01
3.03
1.25
2.56
3.48
1.50
2.07
3.84
1.79
1.58
3.75
2.13
1.20
3.44
2.52
1.04
3.06
2.96
1.22
2.62
3.41
1.46
2.15
3.82
1.74
1.65
3.79
2.07
1.24
3.48
2.46
1.05
3.12
2.89
1.18
2.70
3.35
1.42
2.22
3.75
1.70
1.74
3.83
2.02
1.30
3.54
2.39
1.06
3.19
2.82
1.15
2.77
3.28
1.38
2.29
3.70
1.65
1.80
3.86
1.96
1.34
3.58
2.34
1.07
3.24
2.75
1.12
2.84
3.21
1.34
2.38
3.65
1.60
1.88
3.87
1.92
1.42
3.63
2.27
1.09
3.30
2.68
1.09
2.91
3.13
1.30
2.44
3.58
1.56
1.95
3.87
1.86
1.49
3.69
2.22
1.13
3.35
2.62
1.07
2.97
3.06
1.27
2.52
3.52
1.52
2.03
3.86
1.81
1.55
3.72
2.16
1.18
3.42
2.56
1.05
3.04
2.99
1.24
2.60
3.46
1.48
2.11
3.82
1.76
1.62
3.77
2.10
1.22
3.46
2.49
1.05
3.09
2.92
1.19
2.66
3.38
1.44
2.18
3.78
1.72
1.69
3.81
2.05
1.27
3.51
2.43
1.05
3.15
2.86
1.16
2.73
3.31
1.40
2.26
3.73
1.67
1.77
3.85
1.99
1.33
3.56
2.37
1.07
3.22
2.79
1.13
2.80
3.24
1.36
2.34
3.68
1.63
1.85
3.87
1.95
1.39
3.61
2.31
1.09
3.27
2.72
1.10
2.88
3.17
1.32
2.41
3.61
1.59
1.92
3.88
1.89
1.44
3.67
2.25
1.12
3.35
2.65
1.08
2.94
3.09
1.29
2.48
3.55
1.54
1.99
3.87
1.84
1.52
3.70
2.19
1.16
3.39
2.59
1.06
3.00
3.03
1.25
2.56
3.48
1.50
2.07
3.84
1.79
1.58
3.75
2.14
1.21
3.44
2.52
1.03
3.06
2.96
1.22
2.63
3.42
1.46
2.17
3.80
1.74
1.66
3.79
2.08
1.25
3.49
2.46
1.05
3.13
2.89
1.18
2.70
3.35
1.42
2.22
3.75
1.70
1.73
3.83
2.02
1.30
3.54
2.39
1.06
3.19
2.82
1.15
2.78
3.28
1.41
2.30
3.70
1.65
1.81
3.86
1.97
1.36
3.59
2.34
1.08
3.25
2.75
1.11
2.84
3.21
1.34
2.38
3.65
1.60
1.88
3.89
1.92
1.42
3.64
2.27
1.10
3.30
2.69
1.09
2.91
3.13
1.30
2.45
3.61
1.56
1.96
3.88
1.86
1.51
3.69
2.21
1.14
3.36
2.62
1.06
2.98
3.06
1.27
2.52
3.51
1.52
2.05
3.86
1.81
1.56
3.73
2.16
1.18
3.41
2.57
1.05
3.04
3.00
1.23
2.60
3.45
1.48
2.11
3.82
1.76
1.62
3.77
2.11
1.23
3.47
2.50
1.05
3.10
2.93
1.20
2.67
3.38
1.44
2.19
3.78
1.72
1.70
3.81
2.05
1.28
3.51
2.42
1.05
3.16
2.85
1.16
2.74
3.31
1.40
2.26
3.72
1.67
1.77
3.86
1.99
1.33
3.56
2.37
1.08
3.22
2.79
1.13
2.81
3.25
1.35
2.34
3.68
1.63
1.85
3.88
1.94
1.39
3.62
2.30
1.09
3.27
2.72
1.10
2.87
3.19
1.32
2.41
3.63
1.58
1.94
3.88
1.89
1.46
3.66
2.24
1.12
3.33
2.66
1.08
2.94
3.10
1.29
2.51
3.55
1.54
2.00
3.87
1.84
1.52
3.70
2.19
1.16
3.39
2.59
1.06
3.01
3.03
1.25
2.56
3.48
1.51
2.07
3.84
1.79
1.59
3.75
2.13
1.20
3.44
2.52
1.05
3.07
2.96
1.21
2.63
3.42
1.45
2.15
3.80
1.74
1.66
3.79
2.07
1.25
3.49
2.46
1.05
3.13
2.89
1.18
2.71
3.36
1.42
2.23
3.75
1.70
1.74
3.84
2.02
1.30
3.54
2.39
1.06
3.19
2.82
1.15
2.77
3.27
1.38
2.31
3.70
1.65
1.81
3.86
1.96
1.36
3.59
2.33
1.08
3.25
2.75
1.11
2.84
3.21
1.34
2.38
3.64
1.60
1.88
3.88
1.92
1.42
3.64
2.28
1.10
3.30
2.68
1.09
2.91
3.13
1.30
2.45
3.58
1.56
1.96
3.87
1.87
1.49
3.68
2.22
1.14
3.36
2.62
1.07
2.97
3.06
1.27
2.53
3.52
1.52
2.03
3.85
1.81
1.55
3.72
2.16
1.18
3.42
2.56
1.05
3.04
3.00
1.23
2.60
3.45
1.48
2.11
3.83
1.76
1.62
3.78
2.11
1.23
3.47
2.49
1.05
3.10
2.93
1.19
2.67
3.38
1.44
2.19
3.78
1.72
1.70
3.81
2.05
1.28
3.51
2.43
1.05
3.16
2.86
1.17
2.74
3.31
1.40
2.27
3.73
1.70
1.77
3.85
2.00
1.33
3.56
2.37
1.07
3.22
2.79
1.13
2.81
3.25
1.36
2.34
3.68
1.64
1.84
3.87
1.94
1.39
3.63
2.31
1.09
3.27
2.72
1.10
2.87
3.17
1.32
2.41
3.62
1.59
1.92
3.88
1.89
1.45
3.66
2.25
1.12
3.33
2.66
1.08
2.94
3.10
1.29
2.48
3.56
1.54
1.99
3.87
1.84
1.52
3.70
2.19
1.15
3.38
2.59
1.06
3.00
3.06
1.25
2.56
3.49
1.50
2.07
3.84
1.80
1.58
3.74
2.14
1.20
3.44
2.55
1.05
3.05
2.97
1.22
2.62
3.43
1.46
2.15
3.81
1.75
1.65
3.78
2.11
1.25
3.48
2.47
1.05
3.12
2.90
1.19
2.69
3.36
1.42
2.22
3.76
1.73
1.73
3.82
2.04
1.30
3.53
2.41
1.06
3.18
2.84
1.15
2.76
3.29
1.38
2.29
3.71
1.68
1.79
3.85
1.98
1.34
3.57
2.35
1.07
3.24
2.77
1.12
2.83
3.22
1.35
2.36
3.66
1.62
1.87
3.88
1.93
1.40
3.62
2.29
1.12
3.28
2.70
1.09
2.89
3.18
1.30
2.43
3.61
1.57
1.96
3.89
1.88
1.48
3.67
2.23
1.13
3.34
2.63
1.07
2.95
3.08
1.28
2.50
3.54
1.53
2.01
3.86
1.83
1.53
3.71
2.17
1.16
3.39
2.58
1.05
3.01
3.02
1.24
2.57
3.48
1.49
2.09
3.83
1.80
1.60
3.75
2.12
1.21
3.45
2.51
1.05
3.08
2.95
1.21
2.64
3.41
1.45
2.16
3.79
1.73
1.67
3.80
2.07
1.26
3.50
2.45
1.05
3.13
2.88
1.18
2.71
3.34
1.42
2.23
3.78
1.69
1.74
3.84
2.01
1.31
3.55
2.39
1.07
3.19
2.81
1.14
2.78
3.29
1.37
2.31
3.70
1.65
1.83
3.86
1.96
1.36
3.59
2.33
1.08
3.25
2.75
1.11
2.84
3.20
1.34
2.38
3.64
1.60
1.89
3.88
1.91
1.43
3.64
2.28
1.10
3.30
2.69
1.09
2.91
3.13
1.30
2.46
3.58
1.56
1.96
3.87
1.86
1.49
3.68
2.22
1.14
3.36
2.62
1.07
2.98
3.06
1.27
2.52
3.52
1.52
2.03
3.87
1.82
1.55
3.72
2.17
1.18
3.41
2.56
1.06
3.03
3.00
1.23
2.60
3.46
1.48
2.11
3.83
1.77
1.62
3.77
2.11
1.22
3.46
2.50
1.04
3.09
2.95
1.20
2.66
3.39
1.44
2.18
3.79
1.73
1.69
3.81
2.06
1.27
3.51
2.44
1.05
3.15
2.86
1.17
2.74
3.32
1.40
2.25
3.73
1.68
1.76
3.84
2.01
1.32
3.55
2.38
1.06
3.22
2.80
1.14
2.79
3.25
1.39
2.33
3.69
1.64
1.83
3.87
1.96
1.38
3.60
2.32
1.09
3.26
2.73
1.11
2.86
3.19
1.33
2.40
3.63
1.60
1.90
3.88
1.90
1.44
3.66
2.26
1.11
3.32
2.67
1.09
2.92
3.12
1.30
2.47
3.59
1.55
1.97
3.87
1.86
1.51
3.69
2.20
1.14
3.37
2.61
1.06
2.99
3.05
1.26
2.54
3.51
1.51
2.07
3.85
1.81
1.57
3.73
2.15
1.18
3.42
2.56
1.05
3.04
2.99
1.23
2.61
3.45
1.48
2.12
3.82
1.76
1.64
3.77
2.13
1.23
3.47
2.49
1.05
3.13
2.92
1.20
2.68
3.38
1.44
2.19
3.78
1.72
1.71
3.82
2.04
1.28
3.54
2.42
1.05
3.15
2.85
1.17
2.74
3.31
1.41
2.26
3.73
1.67
1.77
3.85
2.00
1.33
3.56
2.37
1.07
3.22
2.79
1.13
2.81
3.25
1.36
2.34
3.68
1.63
1.84
3.87
1.95
1.39
3.61
2.31
1.09
3.27
2.73
1.10
2.86
3.18
1.33
2.40
3.63
1.59
1.91
3.88
1.90
1.45
3.66
2.26
1.12
3.32
2.66
1.08
2.93
3.12
1.29
2.48
3.56
1.55
1.99
3.87
1.85
1.53
3.70
2.20
1.15
3.37
2.60
1.06
2.99
3.04
1.26
2.55
3.50
1.51
2.05
3.85
1.80
1.57
3.74
2.15
1.18
3.43
2.54
1.05
3.04
2.99
1.23
2.62
3.44
1.47
2.12
3.81
1.76
1.64
3.78
2.10
1.24
3.47
2.48
1.05
3.13
2.92
1.19
2.68
3.37
1.43
2.20
3.77
1.71
1.71
3.81
2.04
1.28
3.52
2.42
1.06
3.17
2.85
1.17
2.75
3.31
1.40
2.27
3.73
1.67
1.77
3.87
1.99
1.33
3.56
2.36
1.07
3.22
2.79
1.13
2.81
3.24
1.35
2.34
3.68
1.62
1.84
3.87
1.95
1.39
3.62
2.31
1.09
3.27
2.72
1.11
2.87
3.18
1.32
2.41
3.62
1.59
1.92
3.88
1.90
1.47
3.66
2.25
1.12
3.32
2.66
1.08
2.93
3.11
1.29
2.48
3.57
1.54
1.98
3.87
1.85
1.51
3.70
2.21
1.15
3.37
2.61
1.06
2.99
3.04
1.26
2.54
3.50
1.51
2.06
3.85
1.82
1.57
3.73
2.15
1.19
3.44
2.54
1.05
3.05
2.98
1.23
2.61
3.44
1.49
2.14
3.82
1.76
1.63
3.77
2.09
1.23
3.48
2.48
1.05
3.11
2.92
1.19
2.68
3.37
1.44
2.20
3.77
1.72
1.70
3.81
2.04
1.28
3.52
2.42
1.06
3.16
2.85
1.16
2.74
3.31
1.39
2.26
3.73
1.68
1.77
3.85
2.00
1.32
3.56
2.37
1.07
3.21
2.79
1.13
2.79
3.26
1.36
2.32
3.68
1.63
1.83
3.87
1.95
1.37
3.60
2.32
1.09
3.26
2.73
1.11
2.85
3.18
1.33
2.39
3.63
1.59
1.93
3.88
1.90
1.44
3.65
2.26
1.11
3.31
2.67
1.08
2.92
3.12
1.30
2.46
3.57
1.55
1.97
3.87
1.85
1.50
3.69
2.20
1.14
3.36
2.61
1.06
2.98
3.05
1.26
2.54
3.50
1.51
2.04
3.85
1.81
1.56
3.73
2.15
1.18
3.42
2.55
1.05
3.04
2.99
1.23
2.61
3.45
1.47
2.11
3.81
1.76
1.62
3.77
2.10
1.23
3.47
2.49
1.05
3.09
2.92
1.20
2.67
3.38
1.46
2.19
3.77
1.71
1.70
3.81
2.05
1.28
3.54
2.43
1.05
3.17
2.85
1.16
2.74
3.31
1.43
2.26
3.73
1.67
1.77
3.87
1.99
1.33
3.56
2.37
1.07
3.22
2.79
1.13
2.81
3.24
1.36
2.33
3.67
1.63
1.83
3.87
1.95
1.38
3.61
2.31
1.09
3.27
2.72
1.10
2.87
3.18
1.33
2.40
3.64
1.59
1.91
3.88
1.90
1.44
3.65
2.25
1.14
3.32
2.66
1.08
2.93
3.11
1.29
2.48
3.57
1.54
1.98
3.87
1.85
1.51
3.70
2.19
1.15
3.37
2.60
1.06
2.99
3.04
1.26
2.55
3.50
1.51
2.05
3.84
1.79
1.60
3.74
2.14
1.19
3.43
2.54
1.05
3.05
2.99
1.22
2.61
3.43
1.47
2.14
3.81
1.75
1.67
3.78
2.09
1.24
3.48
2.48
1.04
3.11
2.91
1.19
2.69
3.37
1.43
2.20
3.77
1.71
1.72
3.83
2.03
1.29
3.53
2.41
1.06
3.17
2.84
1.16
2.76
3.29
1.39
2.29
3.72
1.66
1.79
3.85
2.00
1.34
3.57
2.36
1.07
3.23
2.77
1.12
2.84
3.23
1.35
2.35
3.66
1.62
1.86
3.87
1.93
1.40
3.62
2.30
1.09
3.30
2.71
1.09
2.89
3.16
1.31
2.42
3.60
1.57
1.94
3.88
1.89
1.46
3.67
2.23
1.12
3.35
2.64
1.07
2.95
3.09
1.28
2.50
3.54
1.54
2.00
3.86
1.83
1.53
3.71
2.18
1.16
3.39
2.58
1.05
3.02
3.02
1.25
2.57
3.48
1.51
2.08
3.84
1.79
1.60
3.75
2.13
1.20
3.44
2.52
1.05
3.07
2.96
1.21
2.63
3.41
1.46
2.16
3.80
1.74
1.66
3.79
2.08
1.26
3.51
2.46
1.05
3.15
2.88
1.18
2.70
3.34
1.41
2.23
3.76
1.69
1.74
3.83
2.02
1.30
3.54
2.40
1.06
3.21
2.82
1.15
2.77
3.28
1.38
2.30
3.70
1.65
1.80
3.86
1.97
1.36
3.59
2.34
1.08
3.25
2.75
1.12
2.83
3.21
1.37
2.37
3.65
1.61
1.88
3.87
1.92
1.42
3.63
2.28
1.10
3.30
2.69
1.12
2.90
3.14
1.30
2.44
3.59
1.57
1.95
3.89
1.87
1.48
3.68
2.22
1.13
3.35
2.62
1.06
2.97
3.07
1.28
2.51
3.53
1.52
2.02
3.86
1.82
1.54
3.72
2.17
1.18
3.40
2.57
1.04
3.03
3.01
1.24
2.58
3.46
1.49
2.10
3.83
1.77
1.61
3.76
2.11
1.24
3.46
2.50
1.05
3.09
2.94
1.21
2.65
3.41
1.45
2.17
3.79
1.73
1.69
3.80
2.06
1.27
3.50
2.44
1.05
3.14
2.87
1.17
2.72
3.33
1.40
2.25
3.74
1.68
1.75
3.84
2.01
1.32
3.55
2.39
1.07
3.21
2.81
1.14
2.79
3.26
1.37
2.35
3.70
1.64
1.83
3.87
1.96
1.37
3.60
2.35
1.08
3.26
2.74
1.11
2.85
3.20
1.33
2.41
3.64
1.60
1.90
3.88
1.91
1.43
3.65
2.26
1.11
3.31
2.68
1.09
2.94
3.13
1.30
2.46
3.58
1.55
1.97
3.87
1.87
1.50
3.69
2.21
1.14
3.37
2.61
1.06
2.99
3.05
1.27
2.54
3.52
1.53
2.05
3.85
1.81
1.56
3.73
2.15
1.18
3.42
2.55
1.05
3.04
2.99
1.23
2.61
3.45
1.48
2.12
3.82
1.76
1.63
3.77
2.10
1.23
3.47
2.49
1.05
3.11
2.92
1.20
2.67
3.38
1.44
2.19
3.78
1.72
1.70
3.81
2.04
1.28
3.52
2.43
1.05
3.16
2.85
1.17
2.74
3.31
1.40
2.27
3.73
1.67
1.77
3.85
1.99
1.33
3.56
2.37
1.08
3.22
2.79
1.14
2.81
3.25
1.36
2.34
3.68
1.63
1.84
3.88
1.95
1.39
3.61
2.31
1.10
3.27
2.72
1.10
2.87
3.18
1.33
2.41
3.63
1.59
1.92
3.89
1.90
1.45
3.66
2.25
1.12
3.33
2.66
1.09
2.93
3.11
1.29
2.48
3.57
1.55
1.99
3.88
1.85
1.52
3.70
2.20
1.16
3.38
2.60
1.06
3.00
3.04
1.25
2.55
3.49
1.50
2.06
3.85
1.79
1.58
3.74
2.14
1.19
3.43
2.53
1.05
3.06
2.97
1.22
2.62
3.43
1.47
2.14
3.81
1.75
1.65
3.78
2.09
1.24
3.48
2.47
1.03
3.12
2.92
1.19
2.69
3.37
1.43
2.21
3.77
1.71
1.72
3.82
2.03
1.29
3.53
2.43
1.05
3.18
2.84
1.16
2.76
3.29
1.39
2.29
3.71
1.66
1.78
3.86
1.97
1.34
3.58
2.35
1.07
3.23
2.78
1.12
2.83
3.23
1.35
2.36
3.68
1.62
1.86
3.88
1.94
1.40
3.62
2.29
1.09
3.28
2.71
1.09
2.89
3.16
1.31
2.42
3.61
1.58
1.92
3.88
1.89
1.46
3.66
2.24
1.12
3.33
2.65
1.08
2.94
3.10
1.29
2.49
3.55
1.54
1.99
3.86
1.84
1.52
3.70
2.19
1.16
3.38
2.59
1.09
3.01
3.04
1.26
2.56
3.49
1.50
2.07
3.86
1.79
1.58
3.74
2.14
1.19
3.43
2.53
1.04
3.06
2.96
1.22
2.62
3.44
1.46
2.14
3.81
1.74
1.65
3.79
2.08
1.27
3.48
2.46
1.05
3.12
2.89
1.18
2.70
3.36
1.42
2.22
3.76
1.70
1.74
3.83
2.02
1.30
3.54
2.40
1.06
3.18
2.83
1.15
2.77
3.28
1.38
2.30
3.71
1.65
1.81
3.86
1.97
1.36
3.59
2.34
1.07
3.25
2.76
1.12
2.83
3.21
1.34
2.37
3.65
1.61
1.88
3.88
1.92
1.42
3.64
2.28
1.09
3.29
2.69
1.09
2.90
3.15
1.30
2.45
3.59
1.56
1.96
3.88
1.87
1.49
3.69
2.22
1.13
3.37
2.62
1.07
2.98
3.07
1.30
2.52
3.52
1.52
2.03
3.86
1.81
1.55
3.72
2.16
1.18
3.43
2.56
1.05
3.03
3.00
1.23
2.59
3.45
1.47
2.11
3.82
1.77
1.62
3.77
2.11
1.22
3.48
2.49
1.05
3.09
2.92
1.20
2.66
3.38
1.45
2.18
3.78
1.72
1.69
3.82
2.05
1.27
3.51
2.43
1.05
3.16
2.86
1.16
2.73
3.31
1.39
2.26
3.73
1.68
1.76
3.85
1.99
1.32
3.56
2.37
1.07
3.22
2.79
1.13
2.80
3.25
1.36
2.34
3.70
1.63
1.84
3.87
1.95
1.39
3.62
2.31
1.09
3.27
2.72
1.10
2.87
3.17
1.32
2.41
3.62
1.58
1.94
3.89
1.90
1.45
3.66
2.24
1.11
3.33
2.66
1.07
2.94
3.10
1.29
2.48
3.55
1.54
1.99
3.87
1.84
1.53
3.70
2.19
1.15
3.38
2.59
1.06
3.00
3.03
1.25
2.56
3.48
1.50
2.07
3.84
1.79
1.58
3.75
2.13
1.20
3.44
2.52
1.05
3.06
2.96
1.22
2.63
3.42
1.46
2.17
3.81
1.74
1.65
3.79
2.07
1.25
3.49
2.46
1.04
3.13
2.89
1.18
2.71
3.35
1.42
2.24
3.76
1.70
1.74
3.83
2.02
1.30
3.54
2.40
1.06
3.19
2.83
1.15
2.78
3.28
1.38
2.30
3.70
1.65
1.81
3.86
1.97
1.36
3.59
2.34
1.08
3.26
2.76
1.11
2.84
3.21
1.34
2.39
3.64
1.62
1.89
3.88
1.92
1.43
3.64
2.28
1.11
3.30
2.68
1.09
2.92
3.13
1.30
2.46
3.58
1.58
1.97
3.88
1.87
1.50
3.69
2.21
1.14
3.37
2.61
1.07
2.99
3.06
1.27
2.54
3.51
1.52
2.05
3.85
1.81
1.57
3.73
2.15
1.19
3.43
2.55
1.05
3.05
2.99
1.23
2.61
3.44
1.49
2.13
3.82
1.76
1.64
3.78
2.09
1.23
3.48
2.48
1.04
3.10
2.91
1.20
2.68
3.37
1.43
2.20
3.77
1.72
1.71
3.82
2.04
1.29
3.52
2.42
1.07
3.17
2.84
1.18
2.75
3.30
1.40
2.27
3.75
1.67
1.78
3.85
1.99
1.34
3.58
2.36
1.07
3.23
2.78
1.15
2.82
3.23
1.36
2.36
3.67
1.62
1.86
3.87
1.94
1.41
3.63
2.30
1.10
3.29
2.71
1.12
2.89
3.16
1.32
2.43
3.61
1.58
1.93
3.88
1.88
1.47
3.67
2.24
1.12
3.33
2.64
1.10
2.94
3.09
1.29
2.49
3.54
1.54
2.00
3.87
1.84
1.52
3.71
2.18
1.16
3.39
2.58
1.06
3.01
3.02
1.25
2.57
3.49
1.50
2.08
3.84
1.79
1.59
3.75
2.13
1.22
3.44
2.52
1.05
3.07
2.96
1.21
2.63
3.41
1.46
2.15
3.80
1.74
1.67
3.79
2.07
1.26
3.49
2.45
1.04
3.13
2.91
1.18
2.70
3.34
1.41
2.22
3.75
1.70
1.73
3.83
2.02
1.30
3.54
2.39
1.06
3.19
2.82
1.15
2.78
3.28
1.37
2.30
3.70
1.65
1.81
3.86
1.96
1.36
3.60
2.33
1.07
3.25
2.75
1.11
2.84
3.20
1.34
2.38
3.64
1.60
1.89
3.88
1.91
1.41
3.64
2.28
1.09
3.29
2.70
1.09
2.89
3.15
1.31
2.43
3.59
1.57
1.94
3.88
1.87
1.47
3.67
2.24
1.11
3.34
2.64
1.07
2.95
3.11
1.29
2.46
3.57
1.55
1.96
3.87
1.86
1.49
3.68
2.21
1.13
3.36
2.61
1.06
2.96
3.06
1.27
2.53
3.52
1.52
2.01
3.86
1.83
1.52
3.70
2.18
1.15
3.38
2.58
1.05
3.02
3.02
1.25
2.55
3.48
1.50
2.05
3.83
1.79
1.56
3.73
2.13
1.17
3.42
2.53
1.04
3.04
2.97
1.22
2.60
3.43
1.46
2.12
3.80
1.75
1.63
3.77
2.09
1.22
3.47
2.47
1.04
3.12
2.90
1.19
2.67
3.35
1.42
2.19
3.75
1.70
1.70
3.81
2.02
1.27
3.51
2.40
1.05
3.17
2.83
1.15
2.74
3.28
1.38
2.27
3.70
1.66
1.77
3.84
1.97
1.33
3.56
2.34
1.06
3.22
2.76
1.12
2.82
3.21
1.34
2.35
3.65
1.61
1.85
3.87
1.92
1.40
3.62
2.28
1.09
3.29
2.69
1.09
2.89
3.13
1.31
2.43
3.58
1.56
1.94
3.86
1.86
1.47
3.68
2.21
1.12
3.35
2.61
1.06
2.96
3.04
1.26
2.51
3.50
1.51
2.01
3.85
1.80
1.53
3.72
2.15
1.16
3.39
2.55
1.04
3.01
3.02
1.25
2.53
3.48
1.50
2.03
3.83
1.80
1.54
3.72
2.15
1.17
3.41
2.54
1.04
3.03
2.98
1.22
2.58
3.44
1.47
2.10
3.81
1.76
1.61
3.76
2.09
1.22
3.46
2.47
1.04
3.09
2.93
1.19
2.66
3.36
1.43
2.17
3.76
1.71
1.71
3.80
2.03
1.26
3.50
2.41
1.03
3.15
2.84
1.16
2.72
3.28
1.38
2.25
3.71
1.66
1.75
3.84
1.98
1.32
3.56
2.35
1.06
3.21
2.77
1.12
2.81
3.22
1.35
2.34
3.66
1.61
1.84
3.86
1.92
1.39
3.61
2.28
1.09
3.27
2.69
1.09
2.89
3.14
1.30
2.41
3.58
1.56
1.92
3.86
1.87
1.45
3.66
2.22
1.11
3.33
2.62
1.06
2.95
3.06
1.27
2.50
3.51
1.53
2.00
3.84
1.81
1.52
3.71
2.16
1.15
3.39
2.55
1.04
3.02
2.99
1.23
2.58
3.44
1.48
2.09
3.80
1.76
1.60
3.76
2.09
1.21
3.46
2.47
1.05
3.09
2.90
1.19
2.66
3.35
1.42
2.19
3.77
1.70
1.72
3.82
2.00
1.30
3.54
2.37
1.08
3.20
2.78
1.12
2.80
3.23
1.35
2.34
3.66
1.61
1.86
3.87
1.92
1.42
3.63
2.26
1.09
3.30
2.68
1.08
2.92
3.11
1.29
2.48
3.55
1.54
2.00
3.86
1.83
1.52
3.70
2.18
1.16
3.39
2.57
1.05
3.02
3.00
1.24
2.59
3.45
1.48
2.12
3.82
1.76
1.63
3.77
2.10
1.23
3.48
2.48
1.05
3.12
2.91
1.19
2.68
3.36
1.43
2.21
3.76
1.71
1.73
3.83
2.03
1.30
3.53
2.40
1.06
3.18
2.83
1.15
2.77
3.27
1.38
2.30
3.71
1.65
1.81
3.87
1.97
1.37
3.59
2.34
1.08
3.25
2.75
1.11
2.84
3.21
1.34
2.38
3.65
1.60
1.88
3.88
1.91
1.43
3.64
2.27
1.10
3.30
2.67
1.09
2.91
3.13
1.30
2.46
3.58
1.56
1.97
3.88
1.86
1.50
3.69
2.21
1.13
3.37
2.61
1.06
2.98
3.05
1.26
2.55
3.51
1.51
2.05
3.85
1.83
1.57
3.73
2.15
1.18
3.42
2.54
1.05
3.05
2.98
1.23
2.61
3.44
1.48
2.14
3.82
1.78
1.65
3.78
2.09
1.24
3.48
2.48
1.05
3.11
2.91
1.19
2.69
3.36
1.43
2.22
3.77
1.71
1.72
3.82
2.03
1.30
3.56
2.41
1.06
3.19
2.83
1.16
2.77
3.29
1.41
2.29
3.71
1.65
1.80
3.86
1.97
1.35
3.59
2.35
1.08
3.24
2.76
1.12
2.83
3.21
1.36
2.37
3.65
1.61
1.88
3.88
1.92
1.42
3.66
2.28
1.10
3.30
2.69
1.09
2.91
3.14
1.30
2.45
3.59
1.57
1.96
3.90
1.87
1.48
3.70
2.22
1.14
3.36
2.62
1.07
2.98
3.06
1.27
2.53
3.52
1.52
2.04
3.85
1.82
1.56
3.73
2.16
1.18
3.42
2.56
1.06
3.04
2.99
1.23
2.61
3.45
1.48
2.12
3.82
1.76
1.63
3.77
2.10
1.23
3.47
2.49
1.05
3.10
2.92
1.20
2.68
3.38
1.44
2.20
3.78
1.72
1.71
3.82
2.04
1.29
3.52
2.42
1.06
3.17
2.84
1.15
2.75
3.30
1.39
2.28
3.72
1.67
1.79
3.85
1.99
1.34
3.58
2.36
1.07
3.23
2.78
1.12
2.82
3.23
1.35
2.37
3.67
1.62
1.87
3.88
1.94
1.41
3.62
2.29
1.09
3.28
2.71
1.09
2.89
3.16
1.31
2.43
3.60
1.57
1.94
3.88
1.87
1.46
3.67
2.23
1.13
3.34
2.63
1.07
2.96
3.08
1.28
2.52
3.54
1.53
2.03
3.87
1.84
1.55
3.72
2.17
1.18
3.41
2.57
1.05
3.04
3.01
1.24
2.60
3.47
1.50
2.11
3.83
1.78
1.62
3.76
2.11
1.22
3.48
2.50
1.05
3.09
2.93
1.20
2.66
3.39
1.47
2.18
3.79
1.73
1.69
3.81
2.05
1.27
3.53
2.43
1.05
3.15
2.86
1.17
2.73
3.31
1.40
2.26
3.73
1.68
1.77
3.84
2.00
1.33
3.56
2.37
1.07
3.22
2.79
1.16
2.81
3.25
1.36
2.34
3.68
1.63
1.85
3.88
1.95
1.40
3.62
2.31
1.09
3.28
2.72
1.10
2.88
3.17
1.31
2.42
3.62
1.58
1.92
3.88
1.89
1.46
3.66
2.25
1.14
3.33
2.65
1.08
2.95
3.10
1.28
2.49
3.55
1.54
2.00
3.87
1.84
1.52
3.70
2.18
1.16
3.39
2.59
1.06
3.01
3.02
1.25
2.57
3.48
1.50
2.08
3.84
1.79
1.60
3.75
2.13
1.21
3.45
2.52
1.05
3.07
2.95
1.21
2.64
3.41
1.46
2.16
3.81
1.74
1.68
3.80
2.07
1.26
3.50
2.46
1.05
3.14
2.87
1.18
2.71
3.34
1.41
2.24
3.76
1.69
1.75
3.84
2.01
1.31
3.55
2.39
1.06
3.20
2.81
1.13
2.79
3.27
1.37
2.32
3.70
1.64
1.82
3.87
1.96
1.37
3.60
2.34
1.09
3.26
2.74
1.11
2.85
3.20
1.33
2.40
3.64
1.60
1.91
3.88
1.91
1.44
3.65
2.27
1.11
3.32
2.67
1.09
2.93
3.12
1.30
2.47
3.57
1.55
1.98
3.87
1.85
1.51
3.69
2.20
1.15
3.39
2.60
1.06
2.98
3.05
1.26
2.55
3.50
1.51
2.06
3.85
1.81
1.57
3.74
2.15
1.19
3.45
2.54
1.05
3.05
2.98
1.22
2.62
3.43
1.47
2.14
3.81
1.75
1.65
3.78
2.09
1.24
3.49
2.47
1.05
3.11
2.90
1.19
2.69
3.36
1.44
2.22
3.77
1.71
1.73
3.82
2.03
1.30
3.56
2.41
1.06
3.19
2.83
1.15
2.77
3.28
1.38
2.29
3.71
1.66
1.80
3.87
1.97
1.36
3.59
2.34
1.08
3.25
2.77
1.13
2.83
3.22
1.35
2.37
3.66
1.61
1.88
3.88
1.93
1.42
3.65
2.28
1.10
3.30
2.69
1.09
2.90
3.14
1.31
2.44
3.60
1.56
1.96
3.89
1.87
1.51
3.69
2.22
1.13
3.36
2.62
1.07
2.97
3.07
1.27
2.52
3.52
1.52
2.03
3.86
1.82
1.55
3.73
2.17
1.18
3.41
2.58
1.05
3.04
3.00
1.24
2.60
3.46
1.48
2.11
3.83
1.77
1.63
3.77
2.11
1.23
3.47
2.52
1.05
3.10
2.93
1.20
2.67
3.39
1.44
2.19
3.79
1.72
1.70
3.82
2.05
1.28
3.52
2.45
1.05
3.16
2.86
1.16
2.74
3.31
1.40
2.29
3.73
1.67
1.78
3.85
1.99
1.33
3.57
2.36
1.07
3.22
2.79
1.13
2.81
3.25
1.36
2.35
3.68
1.63
1.85
3.88
1.94
1.40
3.62
2.31
1.09
3.28
2.72
1.10
2.88
3.17
1.32
2.42
3.62
1.59
1.93
3.88
1.89
1.46
3.67
2.25
1.12
3.33
2.65
1.08
2.95
3.10
1.29
2.50
3.55
1.54
2.00
3.87
1.84
1.52
3.72
2.19
1.16
3.39
2.59
1.06
3.01
3.03
1.25
2.57
3.48
1.51
2.08
3.84
1.79
1.59
3.75
2.13
1.21
3.44
2.52
1.05
3.08
2.96
1.22
2.64
3.42
1.46
2.16
3.80
1.74
1.67
3.79
2.08
1.26
3.49
2.46
1.05
3.14
2.89
1.18
2.71
3.35
1.44
2.23
3.75
1.69
1.74
3.85
2.02
1.31
3.55
2.39
1.06
3.20
2.82
1.16
2.78
3.27
1.38
2.30
3.70
1.65
1.81
3.87
1.97
1.37
3.59
2.34
1.08
3.26
2.75
1.11
2.84
3.21
1.34
2.39
3.67
1.60
1.89
3.89
1.92
1.43
3.65
2.28
1.13
3.31
2.69
1.09
2.91
3.14
1.30
2.46
3.60
1.56
1.96
3.88
1.87
1.49
3.69
2.22
1.14
3.36
2.62
1.07
2.97
3.06
1.27
2.53
3.53
1.52
2.04
3.86
1.82
1.56
3.73
2.17
1.18
3.42
2.56
1.05
3.04
3.00
1.24
2.60
3.46
1.48
2.12
3.86
1.77
1.63
3.77
2.11
1.23
3.47
2.49
1.06
3.10
2.93
1.22
2.67
3.39
1.44
2.19
3.79
1.73
1.70
3.82
2.05
1.27
3.51
2.43
1.05
3.16
2.86
1.17
2.74
3.33
1.40
2.27
3.74
1.68
1.77
3.85
2.00
1.33
3.56
2.37
1.07
3.21
2.81
1.13
2.80
3.26
1.36
2.33
3.69
1.64
1.86
3.87
1.95
1.39
3.61
2.32
1.09
3.27
2.75
1.10
2.86
3.19
1.33
2.40
3.63
1.59
1.92
3.88
1.90
1.45
3.66
2.25
1.11
3.32
2.66
1.08
2.93
3.12
1.29
2.48
3.57
1.55
1.98
3.87
1.85
1.51
3.70
2.22
1.15
3.37
2.61
1.06
2.99
3.05
1.26
2.54
3.50
1.51
2.06
3.85
1.80
1.57
3.74
2.14
1.19
3.44
2.54
1.05
3.05
2.98
1.22
2.61
3.44
1.49
2.14
3.82
1.76
1.64
3.78
2.09
1.24
3.50
2.48
1.05
3.13
2.91
1.19
2.69
3.37
1.45
2.21
3.77
1.72
1.72
3.82
2.04
1.29
3.53
2.42
1.06
3.18
2.85
1.16
2.75
3.30
1.40
2.27
3.72
1.66
1.78
3.86
1.99
1.34
3.57
2.36
1.07
3.23
2.78
1.13
2.82
3.24
1.36
2.35
3.68
1.63
1.85
3.88
1.94
1.40
3.63
2.31
1.10
3.28
2.72
1.10
2.88
3.18
1.32
2.42
3.62
1.59
1.93
3.88
1.89
1.46
3.66
2.25
1.12
3.33
2.65
1.07
2.94
3.10
1.29
2.49
3.56
1.54
2.02
3.87
1.84
1.52
3.71
2.19
1.16
3.38
2.59
1.06
3.00
3.04
1.26
2.56
3.49
1.51
2.07
3.85
1.79
1.59
3.74
2.14
1.20
3.44
2.54
1.05
3.07
2.98
1.22
2.62
3.44
1.47
2.14
3.81
1.75
1.65
3.79
2.09
1.25
3.48
2.48
1.05
3.14
2.91
1.19
2.69
3.37
1.43
2.22
3.77
1.72
1.72
3.82
2.03
1.29
3.52
2.41
1.06
3.18
2.84
1.16
2.76
3.30
1.39
2.29
3.72
1.67
1.79
3.85
1.99
1.34
3.58
2.36
1.08
3.24
2.78
1.14
2.83
3.24
1.36
2.36
3.68
1.62
1.86
3.88
1.94
1.40
3.63
2.30
1.10
3.29
2.72
1.12
2.88
3.17
1.31
2.42
3.62
1.58
1.93
3.89
1.89
1.46
3.67
2.25
1.15
3.34
2.65
1.08
2.94
3.10
1.29
2.49
3.56
1.54
2.00
3.87
1.84
1.53
3.70
2.19
1.16
3.39
2.60
1.06
3.00
3.04
1.26
2.56
3.50
1.51
2.07
3.85
1.80
1.58
3.75
2.14
1.19
3.43