
1.68
1.72
.66
1.66
1.65
1.67
1.68
1.70
1.73
1.76
1.78
1.74
1.58
1.41
1.29
1.27
1.30
1.36
1.41
1.50
1.2.49
1.92
1.62
1.66
1.66
1.65
1.67
1.68
1.70
1.73
1.76
1.78
1.74
1.58
1.41
1.29
1.27
1.30
1.36
1.41
1.50
1.1.87
1.90
1.95
1.96
1.96
1.96
1.97
2.02
1.97
1.92
1.86
1.83
1.76
1.82
2.53
1.53
1.55
1.53
1.54
1.56
1.56
1.59
1.65
1.74
1.83
1.89
1.83
1.63
1.50
1.50
1.56
1.64
1.73
1.81
1.87
1.96
1.97
1.98
1.99
1.98
1.96
1.93
1.92
1.85
1.80
1.75
1.71
1.68
1.60
1.58
1.62
1.62
1.50
2.34
1.46
1.42
1.48
1.68
1.82
2.23
2.78
2.95
2.88
2.75
2.61
2.40
2.10
1.79
1.62
1.60
1.56
1.58
1.59
1.60
1.62
1.61
1.61
1.59
1.55
1.53
1.54
1.54
1.57
1.52
1.46
1.44
1.47
1.46
1.67
1.99
1.32
1.52
1.61
1.67
1.73
1.81
1.85
1.94
2.00
2.07
2.10
2.02
1.81
1.69
1.72
1.70
1.74
1.79
1.79
1.81
1.85
1.81
1.77
1.73
1.69
1.67
1.68
1.68
1.62
1.60
1.59
1.61
1.50
2.17
1.77
1.48
1.64
1.76
1.79
1.82
1.94
1.99
2.07
2.16
2.22
2.19
2.07
1.88
1.81
1.78
1.78
1.78
1.78
1.79
1.76
1.76
1.71
1.65
1.65
1.60
1.56
1.57
1.56
1.55
1.58
1.60
1.55
1.55
1.58
1.62
1.54
2.54
1.91
1.61
1.71
1.80
1.88
1.97
1.99
2.05
2.11
2.17
2.22
2.24
2.06
1.82
1.70
1.66
1.65
1.65
1.64
1.63
1.62
1.59
1.57
1.57
1.56
1.57
1.57
1.59
1.61
1.63
1.67
1.75
1.74
1.75
1.79
1.85
1.79
2.37
2.60
1.80
1.83
1.87
1.93
1.97
2.01
2.00
2.04
2.07
2.11
2.08
1.94
1.67
1.51
1.45
1.45
1.46
1.46
1.47
1.49
1.51
1.55
1.58
1.60
1.63
1.69
1.73
1.79
1.82
1.87
1.89
1.95
2.00
2.00
1.97
1.96
1.99
1.96
1.92
3.05
1.73
1.73
1.73
1.74
1.74
1.74
1.75
1.75
1.78
1.82
1.85
1.80
1.58
1.43
1.39
1.41
1.47
1.53
1.60
1.66
1.72
1.78
1.83
1.88
1.90
1.93
1.96
1.98
1.99
2.00
1.99
1.99
2.00
1.96
1.95
1.91
1.82
1.76
1.74
1.68
1.50
2.78
1.52
1.44
1.44
1.49
1.57
1.58
1.62
1.69
1.77
1.88
1.97
2.00
1.87
1.71
1.67
1.70
1.77
1.85
1.91
1.94
1.97
1.98
1.97
1.96
1.94
1.91
1.87
1.84
1.80
1.76
1.73
1.69
1.66
1.65
1.66
1.60
1.55
1.55
1.57
1.48
2.06
2.11
1.52
1.55
1.64
1.72
1.81
1.88
1.96
2.04
2.13
2.21
2.25
2.17
1.96
1.83
1.78
1.78
1.80
1.80
1.80
1.77
1.75
1.71
1.69
1.65
1.61
1.57
1.57
1.56
1.54
1.55
1.56
1.59
1.60
1.64
1.71
1.69
1.72
1.75
1.80
1.73
2.75
1.89
1.85
1.87
1.93
1.97
2.01
2.03
2.08
2.09
2.12
2.13
2.09
1.92
1.69
1.55
1.50
1.50
1.51
1.52
1.52
1.53
1.53
1.54
1.55
1.57
1.58
1.63
1.68
1.71
1.76
1.83
1.91
1.88
1.87
1.90
1.95
1.88
2.42
2.18
1.81
1.88
1.90
1.93
1.94
1.93
1.93
1.92
1.92
1.93
1.92
1.77
1.56
1.44
1.42
1.42
1.47
1.50
1.54
1.58
1.62
1.65
1.70
1.75
1.79
1.82
1.86
1.91
1.95
1.98
2.01
2.07
2.01
1.97
1.96
1.96
1.82
2.45
2.29
1.68
1.68
1.69
1.70
1.70
1.70
1.70
1.72
1.76
1.80
1.82
1.72
1.52
1.43
1.43
1.50
1.55
1.64
1.71
1.77
1.81
1.86
1.92
1.94
1.96
1.98
2.00
1.99
2.00
2.00
2.01
1.96
1.88
1.83
1.81
1.74
1.73
2.69
1.52
1.51
1.49
1.52
1.56
1.59
1.62
1.67
1.74
1.82
1.88
1.88
1.70
1.57
1.58
1.63
1.70
1.78
1.84
1.90
1.94
1.97
1.98
1.97
1.97
1.96
1.94
1.91
1.91
1.86
1.83
1.83
1.74
1.67
1.63
1.62
1.49
2.02
2.00
1.41
1.43
1.48
1.53
1.60
1.66
1.74
1.83
1.95
2.05
2.10
2.03
1.85
1.75
1.75
1.79
1.87
1.90
1.94
1.95
1.94
1.93
1.89
1.86
1.82
1.80
1.76
1.73
1.68
1.66
1.67
1.58
1.54
1.53
1.53
1.46
2.20
1.59
1.50
1.57
1.64
1.71
1.79
1.86
1.96
2.05
2.15
2.21
2.22
2.08
1.92
1.81
1.79
1.80
1.82
1.83
1.83
1.83
1.80
1.76
1.72
1.68
1.65
1.65
1.66
1.62
1.54
1.52
1.54
1.54
1.53
2.26
1.51
1.54
1.65
1.73
1.79
1.88
1.96
2.04
2.11
2.21
2.27
2.22
2.02
1.85
1.78
1.78
1.79
1.80
1.79
1.79
1.80
1.77
1.72
1.70
1.65
1.61
1.59
1.60
1.61
1.61
1.57
1.52
1.56
1.58
1.53
2.21
1.81
1.56
1.70
1.78
1.87
1.93
1.99
2.05
2.13
2.21
2.26
2.26
2.09
1.88
1.76
1.73
1.71
1.71
1.69
1.68
1.69
1.67
1.65
1.61
1.58
1.55
1.56
1.56
1.56
1.57
1.59
1.64
1.72
1.69
1.69
1.74
1.79
1.76
2.28
2.31
1.73
1.85
1.91
1.99
2.02
2.03
2.06
2.09
2.13
2.17
2.15
2.00
1.74
1.55
1.49
1.48
1.48
1.49
1.52
1.51
1.53
1.55
1.58
1.60
1.61
1.64
1.69
1.73
1.76
1.79
1.85
1.89
1.94
1.99
2.02
1.98
1.97
1.99
1.99
1.83
3.10
1.93
1.75
1.73
1.75
1.77
1.76
1.76
1.77
1.80
1.85
1.90
1.89
1.66
1.44
1.34
1.36
1.44
1.48
1.52
1.58
1.65
1.71
1.78
1.84
1.88
1.92
1.95
1.97
2.00
2.01
2.00
1.99
1.99
1.99
1.95
1.92
1.88
1.87
1.79
1.73
1.72
1.67
1.58
1.72
2.53
1.41
1.43
1.44
1.51
1.57
1.62
1.68
1.75
1.87
1.99
2.09
2.06
1.84
1.70
1.69
1.74
1.81
1.85
1.88
1.90
1.91
1.92
1.91
1.91
1.87
1.84
1.79
1.75
1.73
1.69
1.66
1.61
1.59
1.57
1.56
1.55
1.56
1.57
1.59
1.67
1.65
1.65
1.70
1.74
1.70
2.24
2.22
1.74
1.82
1.89
1.95
1.99
2.04
2.07
2.11
2.16
2.21
2.19
2.05
1.79
1.60
1.52
1.50
1.49
1.48
1.48
1.51
1.52
1.54
1.55
1.56
1.58
1.60
1.64
1.66
1.70
1.74
1.77
1.82
1.87
1.90
1.95
1.99
2.02
1.96
1.97
1.97
1.98
1.93
2.77
1.81
1.74
1.78
1.78
1.78
1.77
1.76
1.76
1.78
1.82
1.86
1.83
1.65
1.47
1.38
1.38
1.44
1.50
1.56
1.62
1.73
1.78
1.83
1.86
1.81
1.81
1.73
1.68
1.60
1.65
1.78
1.90
1.97
1.98
1.96
1.94
1.95
1.99
1.98
2.13
2.37
2.31
1.96
2.44
1.76
1.33
1.33
1.30
1.51
1.49
1.47
1.56
1.70
1.85
1.99
2.08
2.02
1.85
1.81
1.96
2.14
2.12
2.03
1.91
1.79
1.77
1.73
1.74
1.78
1.78
1.77
1.77
1.76
1.74
1.69
1.64
1.58
1.54
1.52
1.51
1.53
1.59
1.64
1.74
1.75
1.74
1.77
1.81
1.76
2.22
2.38
1.65
1.80
1.91
1.99
2.04
2.08
2.13
2.17
2.21
2.22
2.23
2.12
1.87
1.65
1.53
1.49
1.49
1.50
1.52
1.54
1.55
1.57
1.57
1.54
1.57
1.58
1.61
1.63
1.66
1.73
1.74
1.81
1.85
1.90
1.93
1.99
2.00
2.01
2.05
2.10
2.05
2.01
1.99
1.96
1.83
2.59
2.01
1.61
1.62
1.63
1.63
1.62
1.61
1.63
1.69
1.74
1.83
1.89
1.83
1.62
1.44
1.21
1.28
1.63
1.70
1.77
1.82
1.87
1.90
1.92
1.93
1.93
1.92
1.92
1.91
1.93
1.94
1.91
1.90
1.83
1.81
1.78
1.75
1.72
1.70
1.69
1.67
1.62
1.59
1.62
1.68
1.69
2.18
2.60
1.60
1.65
1.71
1.75
1.79
1.83
1.88
1.93
2.02
2.13
2.21
2.21
2.00
1.81
1.74
1.71
1.73
1.71
1.70
1.69
1.67
1.67
1.68
1.69
1.66
1.63
1.58
1.55
1.51
1.50
1.50
1.51
1.54
1.54
1.57
1.59
1.64
1.72
1.72
1.73
1.78
1.83
1.74
3.06
1.85
1.81
1.81
1.89
1.98
2.02
2.06
2.08
2.09
2.11
2.11
2.10
1.87
1.59
1.43
1.39
1.39
1.42
1.42
1.43
1.45
1.48
1.50
1.53
1.59
1.62
1.66
1.71
1.76
1.82
1.88
1.92
1.97
2.01
2.09
2.05
2.01
2.01
2.02
1.92
2.48
2.10
1.75
1.79
1.78
1.77
1.75
1.74
1.73
1.76
1.76
1.78
1.79
1.70
1.49
1.36
1.34
1.39
1.47
1.55
1.63
1.71
1.78
1.84
1.90
1.94
1.97
2.00
2.03
2.04
2.06
2.07
2.10
2.02
1.93
1.87
1.85
1.79
1.76
2.61
1.48
1.51
1.50
1.52
1.53
1.53
1.56
1.61
1.68
1.75
1.84
1.86
1.71
1.56
1.52
1.59
1.67
1.76
1.87
1.92
1.98
2.02
2.05
2.04
2.04
2.03
2.01
1.98
1.96
1.93
1.89
1.88
1.80
1.69
1.64
1.60
1.52
1.74
2.28
1.30
1.38
1.44
1.48
1.58
1.67
1.74
1.83
1.93
2.07
2.13
2.13
1.95
1.80