1.82;544401
1.83;544422
1.79;544443
1.81;544464
1.81;544485
1.84;544506
1.90;544527
1.82;544548
1.77;544569
1.76;544590
1.56;544611
2.37;544632
3.84;544653
1.15;544674
1.34;544695
1.61;544716
1.71;544737
1.81;544758
1.83;544779
1.91;544800
1.96;544821
1.99;544842
1.96;544863
1.95;544884
1.82;544905
1.60;544925
1.52;544947
1.53;544967
1.61;544989
1.62;545009
1.69;545031
1.69;545051
1.68;545073
1.70;545093
1.69;545115
1.71;545135
1.70;545157
1.69;545177
1.68;545199
1.71;545219
1.69;545241
1.71;545261
1.72;545283
1.75;545303
1.81;545325
1.81;545345
1.75;545367
1.67;545387
1.68;545409
1.41;545429
3.25;545451
2.78;545471
0.91;545491
1.40;545513
1.55;545533
1.64;545555
1.70;545575
1.81;545597
1.88;545617
1.95;545639
1.96;545659
1.94;545681
1.91;545701
1.68;545723
1.56;545743
1.51;545765
1.52;545785
1.60;545807
1.62;545827
1.66;545849
1.68;545869
1.71;545891
1.72;545911
1.73;545933
1.74;545953
1.68;545975
1.70;545995
1.74;546017
1.75;546037
1.77;546058
1.78;546079
1.77;546100
1.76;546121
1.81;546142
1.86;546163
1.85;546184
1.77;546205
1.70;546226
1.64;546247
1.77;546268
4.05;546289
1.61;546310
1.10;546331
1.56;546352
1.68;546373
1.75;546394
1.81;546415
1.88;546436
1.95;546457
2.02;546478
2.01;546499
2.03;546520
1.92;546541
1.64;546562
1.54;546582
1.52;546604
1.61;546624
1.65;546646
1.66;546666
1.71;546688
1.73;546708
1.74;546729
1.73;546750
1.74;546771
1.76;546792
1.78;546813
1.75;546834
1.76;546855
1.76;546876
1.76;546897
1.75;546918
1.80;546939
1.85;546960
1.75;546981
1.73;547002
1.73;547023
1.41;547044
2.99;547065
3.04;547086
0.90;547107
1.33;547128
1.61;547148
1.74;547170
1.77;547190
1.83;547212
1.91;547232
1.98;547254
1.99;547274
1.97;547296
1.95;547316
1.72;547338
1.54;547358
1.53;547380
1.59;547400
1.58;547422
1.63;547442
1.69;547464
1.73;547484
1.70;547506
1.74;547526
1.71;547548
1.75;547568
1.78;547590
1.75;547610
1.74;547632
1.80;547652
1.80;547674
1.77;547694
1.82;547716
1.91;547736
1.85;547757
1.80;547778
1.75;547799
1.73;547820
1.50;547841
3.85;547862
2.29;547883
0.99;547904
1.48;547924
1.57;547946
1.66;547966
1.75;547988
1.84;548008
1.92;548030
1.99;548050
2.05;548072
2.04;548092
1.92;548114
1.68;548134
1.52;548156
1.53;548176
1.56;548198
1.58;548218
1.69;548240
1.68;548260
1.70;548281
1.73;548302
1.73;548323
1.73;548344
1.73;548365
1.74;548386
1.78;548407
1.76;548428
1.77;548449
1.78;548470
1.79;548491
1.81;548512
1.82;548533
1.82;548554
1.74;548575
1.72;548596
1.74;548617
1.43;548638
3.41;548659
2.71;548680
0.91;548701
1.42;548722
1.59;548743
1.67;548764
1.74;548785
1.83;548806
1.90;548827
1.97;548848
2.02;548869
2.01;548889
1.92;548911
1.72;548931
1.50;548953
1.51;548973
1.53;548995
1.57;549015
1.62;549037
1.69;549057
1.71;549079
1.67;549099
1.70;549121
1.69;549141
1.69;549163
1.70;549183
1.74;549204
1.73;549225
1.73;549246
1.76;549267
1.82;549288
1.86;549309
1.85;549330
1.81;549351
1.79;549372
1.74;549393
1.45;549414
3.37;549435
2.69;549455
0.84;549477
1.38;549497
1.55;549519
1.65;549539
1.74;549561
1.79;549581
1.90;549603
1.97;549623
2.01;549645
1.99;549665
1.89;549687
1.68;549707
1.51;549729
1.52;549749
1.62;549771
1.69;549791
1.80;549813
1.84;549833
1.85;549855
1.85;549875
1.77;549897
1.75;549917
1.74;549939
1.72;549959
1.70;549981
1.79;550001
1.76;550022
1.64;550043
1.72;550064
1.77;550085
1.85;550106
1.85;550127
1.77;550148
1.71;550169
1.65;550190
1.48;550211
2.34;550232
3.75;550253
1.03;550274
1.32;550295
1.51;550316
1.62;550337
1.73;550358
1.83;550379
1.89;550400
1.93;550421
2.01;550441
2.07;550463
2.03;550483
1.77;550505
1.53;550525
1.47;550547
1.59;550567
1.59;550588
1.55;550609
1.60;550630
1.71;550651
1.74;550672
1.76;550693
1.79;550714
1.82;550735
1.79;550756
1.72;550777
1.71;550798
1.75;550819
1.76;550840
1.77;550861
1.84;550882
1.92;550903
1.80;550924
1.61;550945
1.68;550966
1.50;550987
2.50;551008
3.39;551029
1.10;551050
1.35;551071
1.59;551092
1.68;551113
1.76;551134
1.82;551154
1.92;551176
2.02;551196
2.06;551218
2.10;551238
1.90;551260
1.72;551280
1.59;551302
1.53;551322
1.55;551344
1.63;551364
1.69;551386
1.77;551406
1.82;551428
1.64;551448
1.74;551470
1.74;551490
1.71;551512
1.74;551532
1.75;551554
1.89;551574
1.68;551596
1.74;551616
1.85;551638
1.93;551658
1.77;551680
1.71;551700
1.70;551721
1.69;551742
1.55;551762
3.95;551784
1.97;551804
0.97;551826
1.45;551846
1.57;551868
1.72;551888
1.76;551910
1.86;551930
1.92;551952
2.00;551972
2.04;551994
2.10;552014
1.88;552036
1.56;552056
1.46;552078
1.50;552098
1.52;552120
1.59;552140
1.65;552162
1.71;552182
1.71;552204
1.75;552224
1.73;552246
1.74;552266
1.77;552287
1.78;552308
1.78;552329
1.84;552350
1.90;552371
1.96;552392
1.91;552413
1.73;552434
1.72;552455
1.75;552476
1.50;552497
2.57;552518
3.81;552539
1.04;552560
1.30;552581
1.55;552602
1.66;552623
1.72;552644
1.82;552665
1.92;552686
1.98;552707
2.04;552728
2.08;552749
2.03;552770
1.71;552791
1.51;552812
1.51;552833
1.54;552853
1.58;552875
1.65;552895
1.70;552916
1.74;552937
1.71;552958
1.72;552979
1.75;553000
1.77;553021
1.81;553042
1.80;553063
1.75;553084
1.67;553105
1.74;553126
1.75;553147
1.75;553168
1.78;553189
1.82;553210
1.75;553231
1.79;553252
1.82;553273
1.82;553294
1.84;553315
1.78;553336
1.75;553357
1.72;553378
1.45;553399
3.41;553419
2.87;553441
0.90;553461
1.40;553483
1.56;553503
1.68;553525
1.76;553545
1.85;553567
1.93;553587
1.99;553609
2.03;553629
2.04;553651
1.98;553671
1.63;553693
1.48;553713
1.47;553735
1.48;553755
1.52;553777
1.58;553797
1.57;553819
1.66;553839
1.69;553861
1.70;553881
1.71;553903
1.68;553923
1.73;553944
1.75;553965
1.71;553986
1.73;554007
1.75;554028
1.75;554049
1.73;554070
1.74;554091
1.75;554112
1.76;554133
1.70;554153
1.77;554175
1.80;554195
1.80;554217
1.82;554237
1.76;554259
1.80;554279
1.75;554301
1.39;554321
3.38;554343
2.85;554363
0.93;554385
1.35;554405
1.54;554427
1.67;554447
1.76;554469
1.89;554489
1.99;554510
2.06;554531
2.11;554552
2.07;554573
2.03;554594
1.82;554615
1.51;554636
1.49;554657
1.53;554678
1.55;554699
1.62;554720
1.62;554741
1.65;554762
1.67;554783
1.68;554804
1.67;554825
1.69;554846
1.62;554867
1.60;554888
1.60;554909
1.62;554930
1.62;554951
1.65;554972
1.66;554993
1.67;555014
1.67;555034
1.68;555056
1.70;555076
1.77;555098
1.82;555118
1.80;555140
1.75;555160
1.74;555182
1.71;555202
1.63;555224
4.05;555244
1.88;555266
1.10;555286
1.52;555308
1.62;555328
1.68;555350
1.75;555370
1.84;555392
1.88;555412
1.97;555433
2.00;555454
1.98;555475
1.87;555496
1.63;555517
1.53;555538
1.56;555558
1.54;555580
1.65;555600
1.68;555622
1.74;555642
1.79;555664
1.68;555684
1.76;555706
1.86;555726
1.84;555748
1.74;555768
1.84;555790
1.82;555810
1.84;555832
1.79;555852
1.79;555874
1.82;555894
1.78;555916
1.77;555936
1.79;555958
1.84;555978
1.96;556000
1.83;556020
1.78;556042
1.77;556062
1.69;556084
1.82;556104
4.13;556126
1.52;556146
1.11;556167
1.57;556188
1.71;556209
1.80;556230
1.88;556251
1.93;556272
2.03;556293
2.12;556314
2.16;556335
2.10;556356
1.93;556377
1.71;556398
1.62;556419
1.64;556440
1.66;556461
1.74;556482
1.79;556503
1.79;556524
1.80;556545
1.80;556566
1.80;556587
1.76;556608
1.79;556628
1.77;556650
1.74;556670
1.76;556692
1.82;556712
1.77;556733
1.74;556754
1.69;556775
1.68;556796
1.71;556817
1.67;556838
1.58;556859
1.54;556880
1.53;556901
1.49;556922
4.03;556943
1.80;556964
0.87;556985
1.34;557006
1.49;557027
1.58;557048
1.68;557069
1.73;557090
1.83;557111
1.95;557132
1.96;557153
1.94;557174
1.81;557195
1.57;557216
1.42;557237
1.45;557258
1.51;557279
1.56;557299
1.60;557321
1.64;557341
1.68;557363
1.72;557383
1.68;557405
1.69;557425
1.68;557447
1.71;557467
1.74;557489
1.78;557509
1.80;557531
1.83;557551
1.83;557573
1.88;557593
1.90;557615
1.96;557635
1.87;557657
1.83;557677
1.79;557699
1.74;557719
1.75;557741
4.12;557761
1.72;557783
1.08;557803
1.52;557825
1.67;557845
1.82;557865
1.79;557887
1.90;557907
2.03;557929
1.96;557949
2.00;557971
2.01;557991
1.90;558013
1.68;558033
1.54;558055
1.52;558075
1.57;558097
1.65;558117
1.70;558139
1.74;558159
1.75;558181
1.78;558201
1.87;558223
1.73;558243
1.77;558265
1.82;558285
1.81;558307
1.83;558327
1.81;558349
1.78;558369
1.88;558391
1.81;558411
1.77;558432
1.75;558453
1.54;558474
2.41;558495
3.93;558516
1.05;558537
1.27;558558
1.58;558579
1.62;558600
1.71;558621
1.83;558642
1.85;558663
1.95;558684
2.02;558705
2.03;558726
1.99;558747
1.69;558768
1.58;558789
1.45;558810
1.48;558831
1.56;558852
1.67;558873
1.73;558894
1.62;558915
1.70;558936
1.72;558957
1.76;558978
1.82;558998
1.85;559020
1.83;559040
1.84;559062
1.84;559082
1.89;559104
1.94;559124
2.00;559145
2.01;559166
1.96;559187
1.74;559208
1.72;559229
1.52;559250
2.78;559271
3.61;559292
0.97;559313
1.39;559334
1.60;559355
1.66;559376
1.72;559397
1.82;559418
1.93;559439
1.98;559460
2.01;559481
2.04;559502
1.90;559523
1.52;559544
1.30;559564
1.24;559586
1.28;559606
1.38;559628
1.51;559648
1.54;559670
1.65;559690
1.74;559712
1.76;559732
1.78;559754
1.81;559774
1.74;559796
1.71;559816
1.73;559838
1.75;559858
1.78;559880
1.84;559900
1.95;559922
1.82;559942
1.73;559964
1.77;559984
1.72;560006
1.86;560026
4.25;560048
1.82;560068
1.09;560090
1.52;560110
1.74;560132
1.81;560152
1.89;560173
1.97;560194
2.08;560215
2.13;560236
2.02;560257
2.00;560278
1.80;560299
1.56;560320
1.47;560340
1.50;560362
1.59;560382
1.54;560404
1.61;560424
1.70;560446
1.70;560466
1.71;560488
1.71;560508
1.70;560530
1.67;560550
1.63;560572
1.64;560592
1.64;560614
1.66;560634
1.70;560656
1.79;560676
1.78;560697
1.73;560718
1.65;560739
1.68;560760
1.39;560781
3.22;560802
2.96;560823
0.90;560844
1.44;560865
1.62;560886
1.67;560907
1.77;560928
1.85;560949
1.95;560970
2.01;560991
2.05;561012
2.07;561033
1.96;561054
1.72;561075
1.49;561096
1.49;561117
1.55;561138
1.61;561159
1.67;561180
1.73;561201
1.75;561221
1.75;561243
1.76;561263
1.75;561285
1.78;561305
1.78;561327
1.81;561347
1.89;561369
1.81;561389
1.82;561411
1.86;561431
1.88;561453
1.88;561473
1.89;561495
1.92;561515
2.00;561537
1.80;561557
1.87;561579
1.86;561599
1.81;561620
1.77;561641
1.75;561662
1.69;561683
4.25;561704
1.89;561725
1.03;561746
1.43;561767
1.54;561787
1.63;561809
1.74;561829
1.94;561851
1.84;561871
1.90;561893
1.95;561913
1.94;561935
1.78;561955
1.53;561977
1.41;561997
1.44;562019
1.51;562039
1.53;562061
1.53;562081
1.66;562103
1.72;562123
1.73;562145
1.76;562165
1.87;562187
1.68;562207
1.74;562229
1.79;562249
1.80;562271
1.80;562291
1.79;562313
1.85;562333
1.86;562355
1.79;562375
1.77;562396
1.78;562417
1.80;562438
1.81;562459
1.81;562480
1.85;562501
1.98;562522
1.82;562543
1.76;562564
1.79;562585
1.75;562606
1.74;562627
1.56;562648
2.31;562669
4.09;562690
1.10;562711
1.20;562732
1.56;562753
1.62;562774
1.65;562795
1.78;562816
1.87;562837
1.95;562857
2.00;562879
2.05;562899
1.96;562920
1.80;562941
1.58;562962
1.49;562983
1.51;563004
1.66;563025
1.72;563046
1.67;563067
1.76;563088
1.71;563109
1.74;563130
1.71;563151
1.71;563172
1.75;563193
1.74;563214
1.78;563235
1.79;563256
1.78;563277
1.87;563298
1.76;563319
1.76;563340
1.82;563361
1.75;563382
1.68;563403
1.73;563424
1.79;563445
1.83;563466
1.71;563487
1.69;563508
1.71;563528
1.46;563550
2.69;563570
3.61;563592
0.85;563612
1.27;563634
1.60;563654
1.62;563676
1.69;563696
1.85;563718
1.91;563738
1.99;563760
2.06;563780
2.00;563802
2.00;563822
1.85;563844
1.65;563864
1.50;563886
1.50;563906
1.57;563928
1.75;563948
1.55;563970
1.65;563990
1.81;564012
1.64;564032
1.64;564052
1.74;564074
1.80;564094
1.81;564116
1.68;564136
1.74;564158
1.80;564178
1.82;564200
1.74;564220
1.76;564242
1.80;564262
1.75;564284
1.70;564304
1.76;564326
1.86;564346
1.80;564368
1.72;564388
1.71;564410
1.68;564430
1.58;564452
4.08;564472
1.87;564494
1.02;564514
1.47;564536
1.62;564556
1.73;564577
1.91;564598
1.80;564619
1.95;564640
2.07;564661
2.13;564682
2.02;564703
1.95;564724
1.63;564745
1.49;564766
1.51;564787
1.54;564808
1.65;564829
1.61;564850
1.67;564871
1.74;564892
1.82;564913
1.66;564934
1.69;564955
1.74;564976
1.77;564997
1.67;565018
1.76;565039
1.76;565060
1.79;565081
1.76;565102
1.74;565123
1.77;565143
1.85;565165
1.71;565185
1.73;565207
1.74;565227
1.78;565249
1.79;565269
1.75;565291
1.81;565311
1.76;565332
1.75;565353
1.66;565374
1.50;565395
3.95;565416
2.22;565437
0.98;565458
1.41;565479
1.54;565500
1.70;565521
1.79;565542
1.77;565563
1.88;565584
1.98;565605
2.10;565626
2.16;565647
1.86;565667
1.68;565689
1.52;565709
1.54;565731
1.54;565751
1.61;565773
1.66;565793
1.68;565815
1.71;565835
1.72;565857
1.74;565877
1.76;565899
1.74;565919
1.70;565941
1.73;565961
1.75;565983
1.83;566003
1.68;566025
1.77;566045
1.81;566067
1.83;566087
1.65;566109
1.75;566129
1.78;566151
1.78;566171
1.79;566193
1.94;566213
1.86;566235
1.76;566255
1.79;566276
1.78;566297
1.48;566318
3.00;566339
3.22;566360
0.95;566381
1.37;566402
1.61;566423
1.73;566444
1.75;566465
1.84;566486
1.93;566507
1.99;566528
2.10;566549
2.16;566569
1.97;566591
1.77;566611
1.58;566633
1.52;566653
1.54;566675
1.60;566695
1.67;566717
1.73;566737
1.76;566759
1.87;566779
1.77;566800
1.78;566821
1.75;566842
1.76;566863
1.74;566884
1.75;566905
1.69;566926
1.74;566947
1.75;566968
1.77;566989
1.75;567010
1.75;567031
1.78;567052
1.80;567073
1.74;567094
1.67;567115
1.68;567136
1.69;567157
1.42;567178
3.69;567199
2.44;567220
0.89;567241
1.43;567262
1.57;567283
1.62;567304
1.73;567325
1.81;567346
1.91;567367
1.99;567388
2.06;567408
2.04;567430
1.89;567450
1.68;567472
1.50;567492
1.48;567514
1.49;567534
1.58;567556
1.61;567576
1.68;567598
1.73;567618
1.66;567640
1.71;567660
1.74;567682
1.75;567702
1.74;567724
1.74;567744
1.82;567766
1.75;567786
1.75;567808
1.77;567828
1.78;567849
1.84;567870
1.72;567891
1.76;567912
1.81;567933
1.79;567954
1.83;567974
1.84;567996
1.80;568016
1.76;568038
1.78;568058
1.49;568080
2.51;568100
3.88;568122
1.02;568142
1.29;568164
1.54;568184
1.67;568206
1.74;568226
1.86;568248
1.84;568268
1.96;568290
2.07;568310
2.08;568332
2.05;568352
1.82;568374
1.58;568394
1.50;568416
1.52;568436
1.58;568458
1.67;568478
1.65;568499
1.70;568520
1.73;568541
1.74;568562
1.73;568583
1.68;568604
1.73;568625
1.74;568646
1.76;568667
1.73;568688
1.76;568709
1.72;568730
1.76;568751
1.80;568772
1.77;568793
1.72;568814
1.76;568835
1.80;568856
1.74;568877
1.75;568898
1.81;568919
1.88;568940
1.74;568961
1.72;568982
1.74;569003
1.47;569024
2.96;569044
3.26;569065
0.89;569086
1.34;569107
1.61;569128
1.69;569149
1.72;569170
1.82;569191
1.90;569212
2.02;569233
2.07;569254
2.05;569275
1.95;569296
1.75;569317
1.53;569338
1.48;569359
1.51;569380
1.59;569401
1.63;569422
1.64;569443
1.66;569464
1.70;569485
1.74;569506
1.71;569527
1.73;569548
1.75;569569
1.83;569590
1.74;569611
1.73;569631
1.78;569653
1.74;569673
1.76;569695
1.76;569715
1.75;569737
1.74;569757
1.79;569779
1.81;569799
1.84;569821
1.82;569841
1.75;569863
1.65;569883
1.45;569905
3.83;569925
2.12;569947
0.86;569967
1.36;569989
1.53;570009
1.68;570031
1.67;570051
1.73;570073
1.87;570093
1.97;570115
2.05;570135
2.11;570157
1.95;570177
1.63;570199
1.52;570219
1.52;570240
1.55;570261
1.64;570281
1.76;570303
1.67;570323
1.68;570345
1.77;570365
1.83;570387
1.85;570407
1.86;570429
1.91;570449
1.96;570471
1.89;570491
1.83;570513
1.88;570533
1.87;570555
1.83;570575
1.84;570597
1.85;570617
1.85;570639
1.90;570659
1.80;570681
1.80;570701
1.84;570723
1.75;570743
1.68;570765
1.69;570785
1.41;570806
3.43;570827
2.75;570848
0.85;570869
1.27;570890
1.50;570911
1.61;570932
1.75;570953
1.72;570974
1.82;570995
1.97;571016
2.01;571037
2.02;571058
1.98;571079
1.65;571100
1.44;571121
1.41;571142
1.47;571163
1.52;571184
1.57;571205
1.64;571226
1.71;571247
1.68;571268
1.68;571289
1.70;571310
1.69;571331
1.69;571352
1.71;571372
1.72;571394
1.74;571414
1.77;571436
1.83;571456
1.72;571478
1.66;571498
1.74;571520
1.77;571540
1.79;571561
1.77;571582
1.84;571603
1.85;571624
1.85;571645
1.84;571666
1.80;571687
1.60;571708
1.84;571729
4.21;571750
1.43;571771
1.11;571792
1.53;571813
1.68;571834
1.72;571855
1.79;571876
1.87;571897
1.95;571918
2.03;571939
2.07;571960
2.02;571980
1.85;572002
1.62;572022
1.47;572044
1.46;572064
1.52;572086
1.56;572106
1.61;572128
1.64;572148
1.68;572170
1.69;572190
1.73;572212
1.74;572232
1.68;572254
1.72;572274
1.78;572296
1.75;572316
1.74;572338
1.78;572358
1.78;572380
1.79;572400
1.80;572422
1.78;572442
1.80;572464
1.80;572484
1.83;572506
1.87;572526
1.80;572547
1.76;572568
1.77;572589
1.57;572610
2.23;572631
4.23;572652
1.20;572673
1.21;572694
1.52;572715
1.65;572736
1.73;572756
1.77;572778
1.86;572798
1.94;572820
2.02;572840
2.05;572862
2.04;572882
1.87;572904
1.57;572924
1.47;572946
1.51;572966
1.55;572988
1.59;573008
1.67;573030
1.73;573050
1.74;573072
1.75;573092
1.76;573113
1.76;573134
1.79;573155
1.77;573176
1.77;573197
1.77;573218
1.78;573239
1.79;573260
1.79;573281
1.80;573302
1.79;573323
1.79;573344
1.77;573365
1.77;573386
1.80;573407
1.82;573428
1.81;573449
1.74;573470
1.73;573491
1.65;573512
1.71;573533
4.23;573554
1.71;573575
1.09;573596
1.50;573617
1.63;573638
1.72;573659
1.80;573679
1.87;573701
1.96;573721
2.05;573743
2.11;573763
2.11;573785
1.96;573805
1.68;573827
1.51;573847
1.51;573869
1.56;573889
1.62;573911
1.69;573931
1.71;573953
1.74;573973
1.75;573995
1.76;574015
1.78;574036
1.78;574057
1.79;574078
1.80;574099
1.81;574120
1.80;574141
1.78;574162
1.80;574183
1.79;574204
1.80;574225
1.80;574245
1.78;574267
1.79;574287
1.80;574309
1.84;574329
1.83;574351
1.74;574371
1.72;574393
1.70;574413
1.52;574435
3.87;574455
2.10;574477
0.93;574497
1.44;574519
1.61;574539
1.69;574561
1.75;574581
1.83;574603
1.89;574623
1.96;574645
2.02;574665
2.00;574687
1.91;574707
1.68;574728
1.50;574749
1.47;574770
1.51;574791
1.56;574812
1.65;574833
1.70;574854
1.74;574875
1.74;574896
1.74;574917
1.72;574938
1.71;574959
1.73;574980
1.74;575001
1.76;575022
1.74;575043
1.74;575064
1.75;575085
1.74;575106
1.74;575127
1.74;575148
1.75;575169
1.79;575190
1.82;575211
1.79;575232
1.74;575253
1.74;575273
1.57;575295
1.95;575315
4.19;575337
1.33;575357
1.11;575378
1.51;575399
1.65;575420
1.73;575441
1.79;575462
1.86;575483
1.95;575504
2.02;575525
2.06;575546
2.04;575567
1.87;575588
1.63;575609
1.52;575630
1.53;575651
1.56;575672
1.60;575693
1.64;575714
1.68;575735
1.72;575756
1.73;575777
1.73;575798
1.74;575819
1.74;575840
1.74;575861
1.77;575882
1.79;575903
1.73;575924
1.73;575945
1.74;575966
1.75;575986
1.78;576008
1.78;576028
1.79;576050
1.82;576070
1.89;576092
1.83;576112
1.77;576134
1.75;576154
1.72;576176
1.50;576196
3.76;576218
2.50;576238
0.88;576260
1.40;576280
1.58;576302
1.72;576322
1.76;576344
1.85;576364
1.92;576386
2.06;576406
2.05;576428
2.02;576448
1.94;576468
1.70;576490
1.52;576510
1.50;576532
1.52;576552
1.55;576574
1.62;576594
1.64;576616
1.68;576636
1.71;576658
1.68;576678
1.70;576700
1.73;576720
1.74;576742
1.71;576762
1.77;576784
1.79;576804
1.80;576826
1.80;576846
1.83;576868
1.77;576888
1.74;576910
1.77;576930
1.79;576952
1.80;576972
1.90;576993
1.75;577014
1.73;577035
1.74;577056
1.54;577077
2.32;577098
3.87;577119
1.08;577140
1.29;577161
1.61;577182
1.67;577203
1.71;577224
1.80;577245
1.88;577266
1.97;577287
2.04;577308
2.08;577329
2.03;577350
1.83;577371
1.65;577392
1.42;577413
1.45;577434
1.53;577455
1.59;577476
1.64;577497
1.69;577518
1.70;577539
1.74;577559
1.75;577581
1.72;577601
1.72;577623
1.74;577643
1.78;577665
1.75;577685
1.67;577707
1.73;577727
1.74;577748
1.76;577769
1.78;577790
1.82;577811
1.82;577832
1.77;577853
1.74;577874
1.64;577895
1.60;577916
4.08;577937
1.84;577958
0.99;577979
1.50;578000
1.63;578021
1.74;578042
1.74;578063
1.85;578083
1.92;578105
2.00;578125
2.07;578147
2.03;578167
1.92;578189
1.62;578209
1.47;578231
1.50;578251
1.56;578273
1.59;578293
1.61;578315
1.64;578335
1.67;578357
1.72;578377
1.72;578399
1.76;578419
1.77;578441
1.72;578461
1.70;578483
1.76;578503
1.78;578525
1.77;578545
1.79;578567
1.80;578587
1.83;578608
1.83;578629
1.76;578650
1.85;578671
1.89;578692
1.80;578713
1.83;578734
1.80;578755
1.52;578776
2.50;578797
3.83;578818
1.03;578839
1.32;578860
1.58;578881
1.69;578902
1.72;578923
1.81;578944
1.91;578965
2.04;578985
1.99;579007
2.08;579027
2.05;579049
1.87;579069
1.60;579091
1.48;579111
1.52;579132
1.57;579153
1.64;579174
1.69;579195
1.72;579216
1.69;579237
1.74;579258
1.74;579279
1.74;579300
1.76;579321
1.77;579342
1.76;579363
1.79;579384
1.81;579405
1.75;579426
1.75;579447
1.78;579468
1.78;579489
1.79;579510
1.81;579531
1.83;579552
1.86;579573
1.82;579594
1.80;579615
1.72;579636
1.64;579657
1.84;579678
4.16;579698
1.54;579720
1.18;579740
1.57;579762
1.72;579782
1.81;579804
1.84;579824
1.93;579846
2.01;579866
2.07;579888
2.12;579908
2.11;579930
1.95;579950
1.73;579972
1.55;579992
1.54;580014
1.61;580034
1.64;580056
1.69;580076
1.72;580098
1.70;580118
1.71;580140
1.74;580160
1.72;580182
1.73;580202
1.76;580224
1.69;580244
1.68;580265
1.73;580286
1.74;580306
1.74;580328
1.74;580348
1.75;580370
1.74;580390
1.79;580412
1.86;580432
1.76;580454
1.76;580474
1.77;580496
1.47;580516
3.55;580538
2.66;580558
0.92;580580
1.47;580600
1.64;580622
1.68;580642
1.74;580664
1.84;580684
1.94;580706
2.00;580726
1.99;580748
2.05;580768
2.06;580790
1.78;580810
1.40;580832
1.41;580852
1.51;580873
1.58;580894
1.59;580915
1.63;580936
1.67;580957
1.70;580978
1.72;580999
1.67;581020
1.65;581041
1.70;581062
1.74;581083
1.68;581104
1.68;581125
1.76;581146
1.74;581167
1.73;581188
1.75;581209
1.75;581230
1.81;581251
1.82;581272
1.75;581293
1.69;581314
1.69;581335
1.53;581356
2.08;581377
4.10;581397
1.20;581419
1.22;581439
1.46;581460
1.61;581481
1.70;581502
1.77;581523
1.88;581544
1.95;581565
2.04;581586
2.11;581607
2.09;581628
1.92;581649
1.69;581670
1.57;581691
1.57;581712
1.60;581733
1.66;581754
1.69;581775
1.75;581796
1.72;581817
1.70;581838
1.73;581859
1.73;581880
1.73;581901
1.69;581922
1.70;581943
1.71;581963
1.73;581985
1.70;582005
1.68;582027
1.68;582047
1.73;582069
1.75;582089
1.80;582111
1.63;582131
1.62;582153
1.67;582173
1.52;582195
3.85;582215
2.13;582237
0.93;582257
1.48;582279
1.65;582299
1.73;582321
1.73;582341
1.85;582363
1.96;582383
2.04;582405
2.12;582425
2.08;582447
1.89;582467
1.68;582489
1.57;582509
1.51;582530
1.56;582551
1.60;582572
1.66;582593
1.73;582614
1.65;582635
1.71;582656
1.72;582677
1.71;582697
1.73;582719
1.74;582739
1.75;582761
1.79;582781
1.78;582803
1.78;582823
1.75;582845
1.78;582865
1.84;582887
1.91;582907
1.89;582929
1.74;582949
1.74;582971
1.66;582991
2.10;583013
4.21;583033
1.35;583055
1.22;583075
1.56;583096
1.71;583117
1.78;583138
1.90;583159
1.89;583180
1.96;583201
2.06;583222
2.11;583243
2.07;583264
1.92;583285
1.72;583306
1.61;583327
1.64;583348
1.67;583369
1.64;583390
1.70;583411
1.76;583432
1.79;583453
1.79;583474
1.80;583495
1.86;583516
1.77;583537
1.74;583558
1.69;583579
1.73;583600
1.74;583621
1.75;583642
1.80;583662
1.75;583684
1.77;583704
1.81;583726
1.76;583746
1.84;583768
1.73;583788
1.70;583810
1.68;583830
1.45;583852
2.63;583872
3.67;583894
0.92;583914
1.28;583936
1.51;583956
1.63;583977
1.66;583998
1.77;584019
1.90;584040
1.99;584061
1.99;584082
2.01;584103
2.06;584124
1.76;584145
1.53;584166
1.47;584186
1.52;584208
1.61;584228
1.67;584250
1.76;584270
1.74;584292
1.68;584312
1.70;584334
1.72;584354
1.74;584376
1.72;584396
1.78;584418
1.74;584438
1.66;584460
1.72;584480
1.76;584502
1.78;584522
1.76;584544
1.78;584564
1.82;584586
1.85;584606
1.78;584628
1.80;584648
1.69;584670
1.42;584690
2.59;584712
3.57;584732
0.91;584754
1.28;584774
1.59;584795
1.67;584816
1.79;584837
1.83;584858
1.79;584879
1.96;584900
2.04;584921
2.05;584942
2.02;584963
1.83;584984
1.61;585005
1.50;585026
1.49;585047
1.54;585068
1.60;585089
1.62;585110
1.64;585131
1.66;585152
1.68;585172
1.72;585194
1.72;585214
1.72;585236
1.71;585256
1.74;585278
1.79;585298
1.82;585319
1.84;585340
1.84;585361
1.86;585382
1.89;585403
1.88;585424
1.78;585445
1.74;585466
1.69;585487
1.52;585508
3.91;585529
2.04;585550
0.87;585571
1.35;585592
1.51;585613
1.61;585634
1.69;585655
1.76;585676
1.84;585697
1.94;585718
2.00;585739
2.01;585760
1.90;585781
1.63;585802
1.48;585823
1.46;585843
1.52;585865
1.62;585885
1.62;585907
1.63;585927
1.68;585949
1.70;585969
1.73;585991
1.72;586011
1.74;586033
1.76;586053
1.67;586075
1.71;586095
1.73;586117
1.72;586137
1.74;586159
1.75;586179
1.76;586201
1.82;586221
1.80;586243
1.73;586263
1.77;586285
1.73;586305
1.73;586327
1.69;586347
1.52;586369
3.91;586389
2.19;586411
0.99;586431
1.42;586451
1.59;586473
1.69;586493
1.75;586515
1.85;586535
1.96;586557
2.01;586577
2.03;586599
2.00;586619
1.92;586641
1.67;586661
1.55;586683
1.56;586703
1.52;586725
1.57;586745
1.64;586767
1.69;586787
1.73;586809
1.74;586829
1.76;586851
1.77;586871
1.70;586893
1.74;586913
1.78;586935
1.81;586955
1.86;586977
1.76;586997
1.78;587018
1.80;587039
1.79;587060
1.82;587081
1.78;587102
1.74;587123
1.75;587144
1.65;587165
1.93;587186
4.08;587207
1.37;587228
1.12;587249
1.57;587270
1.70;587291
1.73;587312
1.80;587333
1.90;587354
1.96;587375
2.00;587396
2.03;587417
1.99;587438
1.86;587459
1.66;587480
1.45;587501
1.49;587522
1.56;587542
1.64;587564
1.69;587584
1.71;587606
1.84;587626
1.69;587648
1.72;587668
1.76;587689
1.77;587710
1.78;587731
1.81;587752
1.87;587773
1.80;587794
1.77;587815
1.84;587836
1.90;587857
1.86;587878
1.82;587899
1.75;587920
1.71;587941
1.72;587962
4.22;587983
1.67;588004
1.14;588025
1.60;588046
1.59;588067
1.74;588088
1.80;588109
1.87;588130
1.96;588150
2.11;588172
2.09;588192
2.01;588214
1.90;588234
1.62;588256
1.50;588276
1.52;588298
1.62;588318
1.63;588340
1.66;588360
1.67;588382
1.68;588402
1.72;588424
1.73;588444
1.76;588466
1.80;588486
1.74;588508
1.72;588528
1.76;588550
1.75;588570
1.80;588592
1.86;588612
1.85;588634
1.78;588654
1.73;588675
1.60;588696
1.40;588717
3.34;588738
2.70;588759
0.86;588780
1.37;588801
1.57;588822
1.69;588843
1.71;588864
1.73;588884
1.88;588906
1.97;588926
2.03;588948
2.05;588968
1.96;588990
1.76;589010
1.51;589032
1.51;589052
1.55;589074
1.67;589094
1.62;589116
1.69;589136
1.75;589158
1.74;589178
1.74;589199
1.71;589220
1.72;589241
1.74;589262
1.80;589283
1.66;589304
1.67;589325
1.75;589346
1.75;589367
1.77;589388
1.73;589409
1.71;589430
1.63;589451
1.37;589472
2.89;589493
3.11;589514
0.87;589535
1.36;589556
1.66;589577
1.71;589598
1.74;589619
1.84;589640
1.92;589661
1.99;589682
2.06;589703
2.08;589724
1.97;589745
1.73;589765
1.52;589787
1.47;589807
1.49;589829
1.54;589849
1.61;589871
1.65;589891
1.71;589913
1.73;589933
1.75;589955
1.75;589975
1.72;589997
1.75;590017
1.80;590039
1.81;590059
1.81;590081
1.85;590101
1.77;590123
1.69;590143
1.62;590164
1.69;590185
1.64;590206
3.94;590227
1.88;590248
0.93;590269
1.48;590290
1.59;590311
1.72;590332
1.81;590353
2.00;590373
1.94;590395
2.03;590415
2.08;590437
2.04;590457
1.91;590479
1.66;590499
1.51;590521
1.54;590541
1.57;590563
1.48;590583
1.59;590605
1.68;590625
1.71;590647
1.70;590667
1.73;590689
1.74;590709
1.79;590731
1.75;590751
1.77;590773
1.75;590793
1.74;590815
1.79;590835
1.81;590857
1.77;590877
1.74;590899
1.68;590919
1.49;590940
2.80;590961
3.48;590982
0.87;591003
1.35;591024
1.56;591045
1.66;591066
1.71;591087
1.77;591108
1.89;591129
1.99;591150
2.07;591171
2.04;591192
2.01;591213
1.81;591234
1.62;591255
1.53;591276
1.57;591297
1.65;591318
1.70;591339
1.81;591360
1.68;591381
1.75;591401
1.82;591423
1.79;591443
1.83;591464
1.80;591485
1.87;591506
1.92;591527
1.92;591548
1.73;591569
1.65;591590
1.61;591611
1.94;591632
4.15;591653
1.30;591674
1.28;591695
1.52;591716
1.70;591737
1.65;591758
1.75;591779
1.86;591800
1.95;591821
2.01;591842
2.11;591863
1.93;591884
1.71;591905
1.54;591926
1.52;591947
1.44;591968
1.50;591989
1.58;592010
1.64;592031
1.70;592052
1.80;592072
1.73;592094
1.67;592114
1.68;592136
1.73;592156
1.77;592178
1.82;592198
1.79;592220
1.72;592240
1.69;592262
1.78;592282
1.42;592304
3.47;592324
2.54;592346
0.86;592366
1.43;592388
1.62;592408
1.73;592430
1.78;592450
1.93;592472
1.99;592492
2.01;592514
1.96;592534
1.99;592556
1.89;592576
1.67;592598
1.52;592618
1.51;592638
1.56;592660
1.65;592680
1.66;592702
1.62;592722
1.73;592744
1.73;592764
1.72;592786
1.72;592806
1.74;592828
1.86;592848
1.76;592870
1.85;592890
1.77;592912
1.68;592932
1.72;592954
1.52;592974
2.32;592996
3.80;593016
1.12;593038
1.28;593058
1.49;593080
1.69;593100
1.78;593122
1.89;593142
1.92;593164
1.96;593184
2.01;593206
2.01;593226
1.94;593247
1.76;593268
1.59;593289
1.51;593310
1.56;593331
1.58;593352
1.66;593373
1.71;593394
1.73;593415
1.72;593436
1.74;593457
1.71;593478
1.72;593499
1.74;593520
1.72;593541
1.74;593562
1.80;593583
1.88;593604
1.89;593625
1.78;593646
1.73;593667
1.74;593688
1.48;593709
3.52;593730
2.72;593751
0.94;593772
1.43;593793
1.58;593813
1.66;593835
1.73;593855
1.81;593876
1.92;593897
1.97;593918
2.03;593939
2.00;593960
1.94;593981
1.68;594002
1.53;594023
1.51;594044
1.53;594065
1.60;594086
1.64;594107
1.64;594128
1.69;594149
1.70;594170
1.72;594191
1.72;594212
1.72;594233
1.71;594254
1.75;594275
1.74;594296
1.70;594317
1.75;594338
1.82;594359
1.84;594379
1.75;594401
1.71;594421
1.74;594443
1.49;594463
2.81;594485
3.31;594505
0.94;594527
1.41;594547
1.59;594569
1.67;594589
1.73;594611
1.81;594631
1.89;594653
1.97;594673
1.98;594695
1.98;594715
1.91;594737
1.72;594757
1.55;594779
1.53;594799
1.55;594821
1.59;594841
1.59;594863
1.67;594883
1.70;594905
1.72;594925
1.79;594947
1.71;594967
1.71;594988
1.76;595009
1.75;595030
1.79;595051
1.83;595072
1.85;595093
1.92;595113
1.83;595135
1.77;595155
1.75;595177
1.72;595197
1.69;595219
4.01;595239
1.82;595261
1.02;595281
1.51;595303
1.67;595323
1.74;595345
1.81;595365
1.86;595387
1.96;595407
2.02;595429
2.04;595449
1.96;595471
1.87;595491
1.68;595513
1.55;595533
1.54;595554
1.60;595575
1.62;595596
1.73;595617
1.73;595638
1.69;595659
1.71;595680
1.72;595701
1.72;595722
1.74;595743
1.79;595764
1.79;595785
1.75;595806
1.78;595827
1.80;595848
1.88;595869
1.79;595890
1.72;595911
1.71;595932
1.57;595953
2.28;595974
3.95;595995
1.06;596016
1.27;596037
1.57;596058
1.67;596079
1.77;596100
1.88;596120
1.83;596142
1.94;596162
2.00;596184
2.02;596204
1.96;596226
1.77;596246
1.59;596268
1.57;596288
1.47;596310
1.52;596330
1.61;596352
1.63;596372
1.68;596393
1.73;596414
1.75;596435
1.73;596456
1.64;596477
1.69;596498
1.73;596519
1.74;596540
1.74;596561
1.75;596582
1.81;596603
1.90;596624
1.70;596645
1.67;596666
1.67;596687
1.54;596708
2.05;596728
4.04;596750
1.21;596770
1.27;596792
1.54;596812
1.61;596834
1.70;596854
1.78;596876
1.88;596896
1.96;596918
2.03;596938
2.05;596960
2.02;596980
1.77;597002
1.58;597022
1.52;597044
1.54;597064
1.59;597086
1.65;597106
1.71;597128
1.74;597148
1.74;597170
1.72;597190
1.75;597212
1.75;597232
1.80;597253
1.79;597274
1.77;597295
1.83;597316
1.85;597337
1.92;597358
1.87;597379
1.75;597400
1.76;597421
1.74;597442
1.66;597463
3.99;597484
1.85;597505
0.98;597526
1.49;597547
1.63;597568
1.71;597588
1.79;597610
1.85;597630
1.92;597652
1.99;597672
2.06;597694
1.94;597714
1.83;597736
1.63;597756
1.54;597778
1.52;597798
1.57;597820
1.73;597840
1.70;597861
1.67;597882
1.69;597903
1.69;597924
1.73;597945
1.76;597966
1.79;597987
1.82;598008
1.76;598029
1.78;598050
1.80;598071
1.74;598092
1.69;598113
1.73;598134
1.45;598155
2.85;598176
3.37;598197
0.95;598218
1.34;598239
1.61;598260
1.69;598281
1.79;598302
1.93;598323
1.97;598344
2.04;598365
2.11;598386
2.01;598407
1.91;598427
1.74;598449
1.56;598469
1.48;598491
1.52;598511
1.66;598533
1.57;598553
1.67;598575
1.70;598595
1.70;598617
1.72;598637
1.73;598659
1.82;598679
1.76;598701
1.69;598721
1.72;598743
1.80;598763
1.84;598785
1.78;598805
1.74;598827
1.80;598847
1.54;598868
2.39;598889
3.86;598910
1.06;598931
1.34;598952
1.60;598973
1.76;598993
1.75;599015
1.87;599035
1.98;599057
2.08;599077
2.12;599099
2.15;599119
2.08;599141
1.89;599161
1.72;599183
1.61;599203
1.63;599225
1.74;599245
1.71;599267
1.79;599287
1.81;599309
1.82;599329
1.84;599351
1.85;599371
1.86;599393
1.87;599413
1.89;599435
1.84;599455
1.85;599477
1.92;599497
1.88;599519
1.82;599539
1.75;599560
1.74;599581
1.54;599602
3.80;599623
2.18;599644
0.99;599665
1.48;599686
1.62;599707
1.68;599728
1.81;599749
1.78;599770
1.86;599791
1.94;599812
1.95;599833
1.93;599854
1.80;599875
1.64;599896
1.39;599917
1.44;599938
1.49;599959
1.53;599980
1.61;600001
1.67;600022
1.60;600043
1.61;600064
1.63;600085
1.62;600105
1.63;600126
1.71;600147
1.72;600168
1.73;600189
1.74;600210
1.76;600231
1.70;600252
1.66;600273
1.71;600294
1.43;600315
3.15;600336
2.77;600357
0.85;600378
1.38;600399
1.68;600420
1.69;600441
1.74;600462
1.82;600483
1.93;600504
1.99;600525
2.03;600546
1.99;600567
1.89;600588
1.72;600609
1.52;600630
1.47;600651
1.52;600672
1.62;600693
1.65;600714
1.66;600734
1.69;600756
1.70;600776
1.72;600798
1.73;600818
1.67;600840
1.69;600860
1.73;600882
1.78;600902
1.85;600924
1.81;600944
1.72;600966
1.68;600986
1.69;601008
1.40;601028
3.63;601050
2.43;601070
0.89;601092
1.40;601112
1.59;601134
1.75;601154
1.67;601176
1.79;601196
1.90;601218
1.96;601238
1.98;601260
1.98;601280
1.88;601300
1.66;601322
1.44;601342
1.50;601364
1.54;601384
1.58;601406
1.61;601426
1.65;601448
1.67;601468
1.69;601490
1.70;601510
1.69;601532
1.69;601552
1.69;601574
1.71;601594
1.70;601616
1.80;601636
1.76;601658
1.82;601678
1.69;601700
1.67;601720
1.70;601742
1.42;601762
3.35;601784
2.76;601804
0.83;601826
1.38;601846
1.56;601867
1.65;601888
1.72;601909
1.79;601930
1.88;601951
1.96;601972
2.01;601993
1.97;602014
1.92;602035
1.71;602056
1.58;602077
1.55;602098
1.57;602119
1.61;602140
1.68;602161
1.74;602182
1.74;602203
1.75;602224
1.77;602245
1.74;602266
1.72;602287
1.75;602308
1.75;602329
1.74;602350
1.75;602371
1.79;602392
1.81;602413
1.90;602433
1.84;602455
1.75;602475
1.70;602497
1.50;602517
2.33;602539
3.83;602559
1.06;602580
1.25;602601
1.61;602622
1.71;602643
1.72;602664
1.83;602685
1.92;602706
1.98;602727
2.05;602748
1.95;602769
1.93;602790
1.76;602811
1.59;602832
1.52;602853
1.53;602874
1.58;602895
1.63;602916
1.71;602937
1.71;602958
1.69;602979
1.70;602999
1.70;603021
1.72;603041
1.74;603063
1.79;603083
1.70;603105
1.77;603125
1.83;603147
1.89;603167
1.82;603189
1.76;603209
1.69;603231
1.58;603251
1.85;603273
4.22;603293
1.40;603315
1.13;603335
1.51;603357
1.66;603377
1.70;603399
1.74;603419
1.88;603441
1.98;603461
2.07;603483
2.13;603503
2.08;603525
1.92;603545
1.74;603566
1.68;603587
1.72;603608
1.76;603629
1.79;603650
1.83;603671
1.88;603692
1.92;603713
1.75;603734
1.79;603755
1.78;603776
1.77;603797
1.76;603817
1.80;603839
1.83;603859
1.71;603881
1.71;603901
1.78;603923
1.82;603943
1.80;603965
1.75;603985
1.72;604007
1.74;604027
1.36;604049
3.52;604069
2.60;604091
0.91;604111
1.44;604132
1.66;604153
1.62;604174
1.70;604195
1.81;604216
1.91;604237
1.98;604258
2.02;604279
2.02;604300
1.90;604321
1.66;604342
1.59;604363
1.45;604384
1.47;604405
1.56;604426
1.61;604447
1.67;604468
1.74;604489
1.72;604510
1.68;604531
1.72;604552
1.81;604573
1.79;604594
1.75;604615
1.75;604636
1.74;604657
1.77;604678
1.84;604698
1.92;604720
1.76;604740
1.70;604762
1.72;604782
1.51;604804
2.41;604824
3.77;604846
1.04;604866
1.30;604888
1.61;604908
1.63;604930
1.72;604950
1.81;604972
1.88;604992
1.95;605014
2.02;605034
1.98;605056
1.90;605076
1.73;605097
1.55;605118
1.49;605139
1.53;605160
1.63;605181
1.60;605202
1.65;605223
1.66;605244
1.68;605264
1.68;605286
1.70;605306
1.71;605328
1.75;605348
1.71;605370
1.64;605390
1.71;605412
1.78;605432
1.85;605454
1.77;605474
1.76;605496
1.69;605516
1.44;605538
2.23;605558
3.93;605580
1.04;605600
1.22;605622
1.52;605642
1.61;605664
1.69;605684
1.76;605706
1.85;605726
1.94;605748
2.01;605768
2.01;605790
1.96;605810
1.74;605832
1.56;605852
1.50;605873
1.55;605894
1.61;605915
1.66;605936
1.71;605957
1.70;605978
1.69;605999
1.68;606020
1.70;606041
1.69;606062
1.71;606083
1.72;606104
1.76;606125
1.76;606146
1.82;606167
1.84;606188
1.78;606209
1.73;606230
1.67;606251
1.63;606272
1.77;606292
4.14;606314
1.44;606334
1.21;606356
1.52;606376
1.63;606398
1.82;606418
1.84;606439
1.95;606460
2.00;606481
2.01;606502
1.95;606523
1.90;606544
1.74;606565
1.57;606586
1.53;606607
1.62;606628
1.74;606649
1.72;606670
1.70;606691
1.63;606712
1.62;606733
1.63;606754
1.63;606775
1.67;606796
1.75;606817
1.79;606838
1.62;606859
1.68;606880
1.68;606901
1.80;606922
1.86;606943
1.79;606964
1.76;606985
1.80;607005
1.53;607027
2.96;607047
3.23;607069
0.92;607089
1.39;607111
1.59;607131
1.74;607153
1.87;607173
1.78;607195
1.85;607215
1.96;607237
1.98;607257
2.04;607279
1.77;607299
1.64;607321
1.51;607341
1.52;607363
1.71;607383
1.55;607405
1.64;607425
1.73;607447
1.74;607467
1.73;607489
1.69;607509
1.74;607531
1.70;607551
1.64;607572
1.71;607593
1.76;607613
1.80;607635
1.84;607655
1.89;607677
1.84;607697
1.70;607719
1.69;607739
1.45;607761
3.49;607781
2.59;607803
0.85;607823
1.42;607845
1.59;607865
1.71;607887
1.83;607907
1.94;607929
1.95;607949
1.98;607971
2.00;607991
2.01;608013
1.88;608033
1.66;608055
1.54;608075
1.56;608097
1.68;608117
1.70;608138
1.67;608159
1.75;608180
1.81;608201
1.78;608222
1.78;608243
1.78;608264
1.78;608285
1.73;608306
1.68;608327
1.72;608348
1.70;608369
1.70;608390
1.72;608411
1.79;608432
1.73;608453
1.70;608474
1.69;608495
1.39;608516
2.38;608537
3.79;608558
1.00;608579
1.30;608600
1.54;608621
1.67;608642
1.73;608662
1.80;608684
1.88;608704
1.97;608726
2.02;608746
2.05;608768
2.11;608788
1.69;608809
1.54;608830
1.52;608851
1.54;608872
1.60;608893
1.71;608914
1.72;608935
1.69;608956
1.74;608977
1.76;608998
1.76;609019
1.76;609040
1.80;609061
1.82;609082
1.75;609103
1.81;609124
1.88;609145
1.90;609166
1.91;609187
1.84;609208
1.83;609228
1.84;609250
1.57;609270
3.40;609292
2.84;609312
0.93;609334
1.47;609354
1.62;609376
1.69;609396
1.77;609418
1.85;609438
1.92;609460
1.98;609480
2.08;609502
1.94;609522
1.83;609544
1.66;609564
1.51;609586
1.53;609606
1.60;609628
1.60;609648
1.62;609670
1.67;609690
1.70;609712
1.72;609732
1.72;609754
1.72;609774
1.71;609795
1.74;609816
1.82;609837
1.73;609858
1.84;609879
1.81;609900
1.73;609921
1.70;609942
1.68;609963
1.55;609984
3.93;610004
2.09;610026
0.89;610046
1.46;610068
1.63;610088
1.71;610110
1.79;610130
1.90;610152
2.00;610172
1.93;610194
1.99;610214
1.98;610236
1.82;610256
1.64;610278
1.48;610298
1.50;610319
1.54;610340
1.67;610361
1.64;610382
1.66;610403
1.70;610424
1.73;610445
1.72;610466
1.73;610487
1.81;610508
1.64;610529
1.73;610550
1.80;610571
1.80;610592
1.76;610613
1.73;610634
1.73;610655
1.71;610676
1.66;610697
4.03;610718
1.91;610739
0.95;610760
1.42;610781
1.58;610802
1.67;610823
1.73;610844
1.99;610865
1.88;610885
1.87;610907
1.97;610927
1.95;610949
1.76;610969
1.49;610991
1.42;611011
1.46;611033
1.56;611053
1.63;611075
1.62;611095
1.67;611117
1.73;611137
1.76;611159
1.79;611179
1.80;611201
1.82;611221
1.85;611243
1.86;611263
1.87;611284
1.91;611305
1.98;611326
1.90;611347
1.83;611368
1.83;611389
1.61;611410
2.37;611431
3.91;611451
1.11;611473
1.28;611493
1.61;611515
1.73;611535
1.79;611557
1.84;611577
1.92;611599
1.99;611619
2.10;611641
2.08;611661
1.89;611683
1.67;611703
1.53;611725
1.49;611745
1.52;611767
1.59;611787
1.81;611809
1.62;611829
1.68;611851
1.72;611871
1.70;611893
1.71;611913
1.72;611935
1.77;611955
1.80;611977
1.65;611997
1.75;612019
1.83;612039
1.74;612060
1.68;612081
1.83;612102
1.59;612123
1.86;612144
4.03;612165
1.22;612186
1.13;612207
1.50;612228
1.67;612249
1.85;612270
1.66;612291
1.82;612312
1.95;612333
2.01;612354
2.03;612375
2.06;612396
1.89;612417
1.43;612438
1.41;612459
1.52;612480
1.57;612501
1.64;612521
1.69;612543
1.75;612563
1.74;612584
1.68;612605
1.75;612626
1.82;612647
1.75;612668
1.74;612689
1.75;612710
1.75;612731
1.75;612752
1.69;612773
1.80;612794
1.79;612815
1.75;612836
1.65;612857
1.65;612878
1.65;612899
1.43;612920
3.71;612941
2.50;612962
0.95;612983
1.30;613004
1.57;613025
1.67;613046
1.74;613067
1.82;613088
1.93;613109
2.03;613130
2.05;613151
1.98;613172
1.85;613192
1.62;613214
1.49;613234
1.52;613256
1.61;613276
1.70;613298
1.66;613318
1.67;613340
1.69;613360
1.69;613382
1.71;613402
1.74;613424
1.83;613444
1.70;613466
1.64;613486
1.63;613508
1.65;613528
1.66;613550
1.69;613570
1.71;613592
1.89;613612
1.89;613634
1.74;613654
1.73;613676
1.71;613696
1.69;613718
1.49;613738
3.73;613760
2.52;613780
1.01;613800
1.34;613822
1.56;613842
1.71;613864
1.79;613884
1.88;613906
1.97;613926
2.13;613948
2.10;613968
1.99;613990
1.92;614010
1.66;614032
1.52;614052
1.51;614074
1.54;614094
1.63;614116
1.69;614136
1.69;614158
1.71;614178
1.73;614200
1.76;614220
1.80;614242
1.82;614262
1.87;614284
1.72;614304
1.71;614326
1.78;614346
1.78;614368
1.79;614388
1.83;614409
1.97;614430
1.73;614451
1.61;614472
1.67;614493
1.41;614514
3.10;614535
3.04;614556
0.96;614577
1.45;614598
1.55;614619
1.70;614640
1.77;614661
1.86;614682
1.96;614703
2.07;614724
2.12;614745
1.96;614766
1.89;614787
1.66;614808
1.51;614829
1.48;614850
1.52;614871
1.64;614892
1.69;614913
1.68;614933
1.80;614955
1.83;614975
1.82;614996
1.81;615017
1.80;615038
1.81;615059
1.81;615080
1.80;615101
1.78;615122
1.81;615143
1.83;615164
1.78;615185
1.86;615206
1.87;615227
1.77;615248
1.72;615269
1.71;615290
1.60;615311
2.45;615332
3.97;615353
1.04;615374
1.23;615395
1.49;615416
1.61;615437
1.75;615457
1.74;615479
1.87;615499
1.96;615521
2.03;615541
2.06;615563
1.97;615583
1.72;615605
1.54;615625
1.38;615647
1.45;615667
1.55;615689
1.58;615709
1.61;615731
1.67;615751
1.70;615773
1.71;615793
1.72;615815
1.74;615835
1.76;615857
1.77;615877
1.77;615899
1.74;615919
1.80;615941
1.74;615961
1.69;615983
1.76;616003
1.83;616024
1.73;616045
1.67;616066
1.70;616087
1.54;616108
2.36;616129
3.78;616150
1.05;616171
1.28;616192
1.57;616213
1.71;616233
1.77;616255
1.84;616275
1.90;616297
1.98;616317
2.09;616339
2.04;616359
1.92;616381
1.74;616401
1.56;616423
1.55;616443
1.45;616465
1.53;616485
1.63;616507
1.69;616527
1.74;616548
1.76;616569
1.76;616590
1.79;616611
1.72;616632
1.72;616653
1.77;616674
1.76;616695
1.77;616716
1.79;616737
1.85;616758
1.81;616779
1.85;616800
1.80;616821
1.76;616842
1.73;616863
1.47;616884
3.46;616905
2.74;616926
0.89;616947
1.52;616968
1.60;616989
1.68;617010
1.78;617031
1.86;617052
1.96;617073
2.05;617094
2.09;617114
1.98;617136
1.88;617156
1.65;617178
1.54;617198
1.50;617220
1.53;617240
1.58;617262
1.67;617282
1.70;617304
1.73;617324
1.74;617346
1.74;617366
1.74;617388
1.82;617408
1.81;617430
1.82;617450
1.80;617472
1.83;617492
1.92;617513
2.00;617534
2.07;617555
2.09;617576
2.03;617597
2.02;617618
1.88;617638
1.57;617660
3.50;617680
3.03;617702
1.05;617722
1.54;617744
1.72;617764
1.83;617786
1.89;617806
1.88;617828
1.96;617848
2.03;617870
2.07;617890
2.07;617912
1.96;617932
1.68;617954
1.43;617974
1.39;617996
1.50;618016
1.60;618038
1.63;618058
1.74;618080
1.74;618100
1.63;618121
1.59;618142
1.65;618163
1.64;618184
1.66;618205
1.67;618226
1.68;618247
1.84;618268
1.65;618289
1.77;618310
1.78;618331
1.59;618352
1.59;618373
1.58;618394
1.49;618415
3.88;618436
1.82;618457
0.91;618478
1.38;618499
1.54;618520
1.68;618541
1.68;618562
1.73;618583
1.81;618604
1.90;618625
1.96;618646
1.90;618667
1.69;618687
1.56;618708
1.48;618729
1.49;618750
1.56;618771
1.67;618792
1.58;618813
1.65;618834
1.69;618855
1.74;618876
1.72;618897
1.73;618918
1.72;618939
1.71;618960
1.76;618981
1.74;619002
1.74;619023
1.67;619044
1.63;619065
1.62;619086
1.56;619107
1.66;619128
4.12;619149
1.55;619170
1.01;619191
1.53;619212
1.67;619233
1.76;619254
1.83;619275
1.91;619295
1.94;619317
2.04;619337
2.10;619359
2.09;619379
1.91;619401
1.72;619421
1.67;619443
1.71;619463
1.70;619485
1.76;619505
1.82;619527
1.86;619547
1.84;619569
1.85;619589
1.86;619611
1.91;619631
1.84;619653
1.86;619673
1.92;619695
1.91;619715
1.93;619737
1.85;619757
1.80;619779
1.82;619799
1.51;619821
3.19;619841
3.27;619862
1.06;619883
1.47;619904
1.52;619925
1.65;619945
1.78;619967
1.88;619987
1.91;620009
2.01;620029
2.08;620051
2.08;620071
1.88;620093
1.62;620113
1.52;620135
1.44;620155
1.44;620177
1.52;620197
1.58;620219
1.60;620239
1.66;620261
1.74;620281
1.80;620303
1.69;620323
1.63;620345
1.70;620365
1.71;620386
1.73;620407
1.79;620428
1.86;620449
1.88;620470
1.71;620491
1.64;620512
1.43;620533
2.54;620554
3.56;620575
0.98;620596
1.41;620617
1.53;620638
1.62;620659
1.74;620680
1.80;620701
1.88;620722
1.95;620743
2.03;620764
1.93;620785
1.82;620806
1.64;620827
1.48;620848
1.44;620869
1.53;620890
1.68;620911
1.58;620932
1.60;620952
1.67;620974
1.71;620994
1.71;621016
1.73;621036
1.79;621058
1.85;621078
1.76;621100
1.73;621120
1.67;621142
1.66;621162
1.77;621184
1.52;621204
3.74;621225
1.86;621246
0.91;621267
1.51;621288
1.66;621309
1.80;621330
1.79;621351
1.88;621372
1.97;621393
1.96;621414
2.06;621435
2.01;621456
1.82;621477
1.61;621498
1.50;621518
1.54;621540
1.71;621560
1.61;621582
1.58;621602
1.68;621624
1.70;621644
1.74;621666
1.72;621686
1.69;621708
1.61;621728
1.68;621750
1.74;621770
1.81;621792
1.78;621812
1.67;621834
1.64;621854
1.69;621876
1.46;621896
3.69;621918
2.25;621938
0.90;621960
1.39;621980
1.54;622002
1.62;622022
1.78;622044
1.77;622064
1.76;622085
1.93;622106
2.01;622127
2.00;622148
1.86;622169
1.74;622190
1.54;622211
1.34;622232
1.51;622253
1.60;622274
1.62;622295
1.64;622316
1.68;622337
1.70;622358
1.65;622379
1.62;622400
1.66;622420
1.70;622442
1.71;622462
1.80;622484
1.87;622504
1.77;622526
1.76;622546
1.75;622568
1.74;622588
1.53;622610
3.99;622630
2.10;622651
0.99;622672
1.47;622693
1.64;622714
1.71;622735
1.83;622756
1.77;622777
1.90;622798
1.99;622819
2.00;622840
1.97;622861
1.81;622882
1.53;622903
1.44;622924
1.46;622945
1.49;622966
1.57;622987
1.61;623008
1.69;623029
1.74;623050
1.64;623071
1.75;623092
1.78;623113
1.69;623134
1.70;623155
1.77;623176
1.82;623197
1.85;623218
1.89;623239
1.77;623259
1.78;623281
1.41;623301
3.02;623323
3.18;623343
0.91;623365
1.42;623385
1.65;623407
1.89;623427
1.95;623449
1.77;623469
1.92;623491
2.06;623511
2.09;623533
2.08;623553
1.83;623575
1.68;623595
1.57;623617
1.55;623637
1.54;623659
1.61;623679
1.68;623700
1.70;623721
1.74;623742
1.74;623763
1.65;623783
1.69;623805
1.70;623825
1.68;623847
1.71;623867
1.77;623889
1.89;623909
1.77;623931
1.74;623951
1.70;623973
1.69;623993
1.47;624015
3.87;624035
2.31;624057
0.93;624077
1.41;624099
1.61;624119
1.68;624141
1.79;624161
1.85;624183
1.93;624203
2.03;624225
2.07;624245
2.03;624267
1.86;624287
1.62;624308
1.45;624329
1.50;624350
1.57;624371
1.66;624392
1.71;624413
1.73;624434
1.72;624455
1.74;624476
1.71;624497
1.75;624518
1.79;624539
1.68;624560
1.69;624581
1.74;624602
1.74;624623
1.81;624644
1.84;624665
1.81;624686
1.69;624707
1.68;624728
1.50;624749
3.76;624770
2.16;624791
0.94;624812
1.37;624833
1.64;624854
1.67;624875
1.78;624896
1.79;624917
1.89;624937
2.02;624958
1.92;624979
1.94;625000
1.87;625021
1.69;625042
1.60;625063
1.54;625084
1.47;625105
1.55;625126
1.60;625147
1.69;625168
1.58;625189
1.61;625210
1.73;625231
1.66;625252
1.74;625273
1.80;625294
1.83;625315
1.92;625336
1.77;625357
1.74;625378
1.74;625399
1.63;625420
1.86;625441
4.16;625462
1.45;625483
1.09;625504
1.52;625524
1.66;625546
1.69;625566
1.80;625588
1.91;625608
1.96;625630
2.02;625650
2.06;625672
1.98;625692
1.76;625714
1.55;625734
1.55;625756
1.56;625776
1.62;625798
1.76;625818
1.63;625840
1.62;625860
1.69;625882
1.74;625902
1.73;625924
1.75;625944
1.76;625966
1.74;625986
1.87;626008
1.80;626028
1.85;626050
1.81;626070
1.70;626091
1.69;626112
1.42;626132
3.06;626154
3.23;626174
0.81;626196
1.32;626216
1.55;626238
1.63;626258
1.72;626280
1.86;626300
1.88;626322
1.95;626342
1.97;626364
2.00;626384
1.88;626406
1.66;626426
1.61;626448
1.48;626468
1.46;626490
1.56;626510
1.63;626532
1.65;626552
1.66;626574
1.71;626594
1.81;626616
1.62;626636
1.67;626657
1.70;626678
1.70;626699
1.74;626720
1.81;626741
1.97;626762
1.74;626783
1.70;626804
1.66;626825
1.55;626846
1.93;626867
4.17;626888
1.37;626909
1.11;626930
1.45;626951
1.63;626972
1.74;626993
1.82;627014
1.91;627035
2.10;627056
1.97;627077
2.02;627098
2.00;627119
1.81;627140
1.57;627161
1.52;627182
1.57;627203
1.63;627223
1.74;627245
1.62;627265
1.69;627287
1.72;627307
1.71;627329
1.73;627349
1.85;627371
1.75;627391
1.56;627412
1.68;627433
1.73;627454
1.77;627475
1.86;627496
1.86;627517
1.86;627538
1.66;627559
1.62;627580
1.73;627601
4.20;627622
1.56;627643
1.14;627664
1.54;627685
1.77;627706
1.62;627727
1.74;627748
1.86;627769
1.92;627790
1.98;627811
2.05;627831
2.10;627853
1.83;627873
1.50;627895
1.43;627915
1.47;627937
1.55;627957
1.61;627979
1.68;627999
1.75;628021
1.74;628041
1.68;628063
1.63;628083
1.74;628105
1.72;628125
1.73;628147
1.77;628167
1.78;628189
1.85;628209
1.78;628231
1.74;628251
1.74;628273
1.50;628293
2.59;628315
3.70;628335
1.02;628357
1.32;628377
1.64;628398
1.72;628419
1.77;628440
1.78;628461
1.89;628482
1.96;628503
1.98;628524
1.92;628545
1.82;628566
1.61;628587
1.55;628608
1.52;628629
1.56;628649
1.65;628671
1.64;628691
1.68;628713
1.73;628733
1.80;628755
1.74;628775
1.73;628797
1.77;628817
1.80;628839
1.81;628859
1.84;628881
1.89;628901
1.75;628923
1.69;628943
1.74;628964
1.44;628985
2.81;629006
3.55;629027
0.95;629048
1.26;629069
1.51;629090
1.68;629111
1.82;629132
1.87;629153
1.92;629174
1.96;629195
1.99;629216
2.05;629237
1.82;629258
1.57;629279
1.48;629300
1.53;629321
1.65;629342
1.69;629363
1.72;629384
1.79;629405
1.75;629426
1.77;629447
1.71;629468
1.67;629489
1.67;629510
1.78;629531
1.81;629552
1.82;629572
1.79;629594
1.74;629614
1.72;629636
1.59;629656
1.38;629678
3.95;629698
2.00;629720
0.91;629740
1.42;629762
1.58;629782
1.70;629804
1.79;629824
1.79;629846
1.86;629866
2.00;629888
2.15;629908
2.11;629929
1.95;629950
1.70;629971
1.63;629992
1.64;630013
1.64;630034
1.65;630055
1.76;630076
1.90;630096
1.95;630118
1.90;630138
1.84;630160
1.80;630180
1.76;630202
1.79;630222
1.69;630244
1.67;630264
1.75;630286
1.71;630306
1.69;630328
1.60;630348
1.48;630370
1.61;630390
4.11;630412
1.30;630432
0.95;630454
1.40;630474
1.64;630496
1.86;630516
1.95;630538
2.06;630558
2.27;630580
2.42;630600
2.42;630622
2.30;630642
2.08;630663
1.91;630684
1.80;630705
1.74;630726
1.74;630747
1.78;630768
1.79;630789
1.68;630810
1.64;630831
1.69;630852
1.73;630873
1.78;630894
1.72;630915
1.74;630936
1.85;630957
1.82;630978
1.77;630999
1.61;631020
1.58;631041
1.63;631062
1.49;631083
2.43;631104
3.84;631124
1.10;631146
1.34;631166
1.53;631188
1.54;631208
1.61;631229
1.73;631250
1.87;631271
1.95;631292
2.02;631313
2.10;631334
1.96;631355
1.68;631376
1.52;631397
1.60;631418
1.81;631439
2.03;631460
2.16;631481
2.08;631502
1.89;631523
1.73;631544
1.61;631565
1.52;631586
1.41;631607
1.36;631628
1.45;631649
1.62;631670
1.83;631691
1.98;631712
1.93;631733
1.70;631754
1.49;631775
1.45;631795
1.29;631817
3.57;631837
2.68;631859
1.22;631879
1.86;631901
1.86;631921
1.48;631943
1.27;631963
1.27;631985
1.50;632005
1.84;632027
2.18;632047
2.35;632069
2.13;632089
1.82;632111
1.51;632131
1.33;632153
1.23;632173
1.30;632195
1.50;632215
1.71;632237
1.83;632257
1.81;632279
1.79;632299
1.63;632321
1.40;632341
1.37;632363
1.47;632383
1.68;632403
2.02;632425
2.13;632445
2.09;632467
1.99;632487
1.74;632509
1.58;632529
3.31;632551
0.87;632571
0.85;632593
1.52;632613
2.00;632635
2.23;632655
2.21;632677
2.14;632697
1.98;632719
1.65;632739
1.43;632761
1.48;632781
1.58;632803
1.70;632823
1.85;632845
1.90;632865
1.82;632887
1.76;632907
1.57;632928
1.30;632949
1.28;632970
1.52;632991
1.72;633012
2.00;633033
2.13;633054
2.13;633075
2.11;633096
1.82;633117
1.48;633138
1.25;633159
1.24;633180
1.68;633201
3.91;633222
1.67;633243
1.66;633264
1.90;633285
1.90;633306
1.76;633327
1.51;633348
1.55;633369
1.80;633390
2.15;633411
2.43;633432
2.45;633453
2.18;633474
1.83;633494
1.58;633516
1.37;633536
1.26;633558
1.33;633578
1.55;633600
1.78;633620
1.97;633641
2.09;633662
2.17;633683
2.03;633704
1.66;633725
1.32;633746
1.14;633767
1.19;633788
1.45;633809
1.80;633830
2.01;633851
4.24;633872
2.11;633893
1.31;633914
1.62;633935
1.47;633956
1.23;633977
1.28;633998
1.71;634018
2.13;634040
2.32;634060
2.29;634082
2.11;634102
1.69;634124
1.17;634144
1.03;634166
1.24;634186
1.56;634208
1.88;634228
2.06;634250
2.07;634270
1.95;634292
1.80;634312
1.54;634334
1.15;634354
1.07;634376
1.40;634396
1.70;634418
2.02;634438
2.27;634460
2.23;634480
2.25;634502
4.31;634522
1.40;634543
0.49;634564
0.79;634585
1.12;634606
1.57;634627
2.08;634648
2.43;634669
2.52;634690
2.44;634711
2.25;634732
1.89;634753
1.34;634774
1.15;634795
1.35;634816
1.73;634836
2.12;634858
2.29;634878
2.26;634900
2.10;634920
1.90;634942
1.57;634962
1.21;634984
1.17;635004
1.49;635026
1.77;635046
2.04;635067
2.21;635088
2.12;635109
2.07;635130
4.32;635151
1.36;635172
0.58;635193
0.89;635214
1.18;635235
1.56;635256
1.96;635277
2.22;635298
2.32;635319
2.31;635340
2.19;635361
2.03;635382
1.78;635403
1.57;635424
1.60;635445
1.71;635466
1.72;635487
1.63;635508
1.53;635529
1.52;635550
1.52;635571
1.54;635591
1.64;635613
1.77;635633
1.86;635655
1.93;635675
1.76;635697
1.59;635717
1.62;635739
1.54;635759
2.45;635781
4.09;635801
1.21;635823
1.34;635843
1.41;635865
1.30;635885
1.31;635907
1.51;635927
1.84;635949
2.20;635969
2.42;635991
2.50;636011
2.32;636033
1.90;636053
1.56;636075
1.43;636095
1.50;636116
1.69;636137
1.85;636157
1.90;636179
1.91;636199
1.81;636221
1.68;636241
1.50;636263
1.37;636283
1.38;636305
1.55;636325
1.77;636347
2.01;636367
1.96;636389
1.88;636409
1.77;636431
1.39;636451
2.07;636473
3.56;636493
0.84;636515
1.17;636535
1.60;636557
1.83;636577
1.92;636599
1.96;636619
1.99;636641
1.92;636661
1.88;636682
1.79;636703
1.69;636724
1.56;636745
1.44;636766
1.46;636787
1.53;636808
1.60;636829
1.67;636850
1.65;636871
1.65;636892
1.58;636913
1.59;636934
1.66;636955
1.71;636976
1.72;636997
1.75;637018
1.78;637039
1.77;637060
1.76;637081
1.77;637102
1.85;637123
1.78;637144
1.73;637165
1.73;637186
1.57;637207
2.16;637228
4.00;637249
1.22;637270
1.23;637290
1.56;637312
1.76;637332
1.89;637353
2.02;637374
2.11;637395
2.06;637416
2.06;637437
2.02;637458
1.87;637479
1.63;637500
1.42;637521
1.37;637542
1.44;637563
1.59;637584
1.67;637605
1.76;637626
1.75;637647
1.74;637668
1.69;637689
1.58;637710
1.56;637731
1.64;637752
1.78;637773
1.85;637794
1.92;637815
1.97;637836
1.92;637856
1.76;637878
1.65;637898
1.53;637920
1.21;637940
3.37;637962
2.38;637982
0.90;638004
1.57;638024
1.80;638046
1.85;638066
1.86;638088
1.84;638108
1.89;638130
1.92;638150
1.90;638172
1.92;638192
1.81;638214
1.63;638234
1.52;638256
1.49;638276
1.53;638298
1.57;638318
1.65;638340
1.70;638360
1.73;638382
1.71;638402
1.71;638424
1.73;638444
1.74;638465
1.73;638486
1.71;638507
1.76;638528
1.74;638548
1.77;638570
1.85;638590
1.84;638612
1.73;638632
1.60;638654
1.48;638674
2.52;638696
3.83;638716
0.99;638738
1.28;638758
1.64;638780
1.64;638800
1.57;638822
1.82;638842
1.93;638864
1.92;638884
1.96;638906
1.99;638926
1.90;638948
1.62;638968
1.50;638990
1.54;639010
1.46;639032
1.52;639052
1.62;639073
1.67;639094
1.73;639115
1.60;639136
1.65;639157
1.70;639178
1.73;639199
1.70;639220
1.72;639241
1.74;639262
1.73;639283
1.81;639304
1.82;639325
1.81;639346
1.78;639367
1.75;639388
1.75;639409
1.42;639430
3.22;639451
3.02;639472
0.90;639493
1.40;639514
1.62;639535
1.72;639556
1.78;639577
1.86;639598
1.95;639619
2.03;639639
2.06;639661
2.04;639681
1.93;639703
1.71;639723
1.56;639745
1.54;639765
1.61;639787
1.66;639807
1.72;639828
1.73;639849
1.75;639870
1.73;639891
1.78;639912
1.74;639933
1.70;639954
1.74;639975
1.78;639996
1.75;640017
1.77;640038
1.77;640059
1.84;640080
1.74;640101
1.66;640122
1.63;640143
1.58;640164
1.63;640185
4.18;640205
1.72;640227
1.07;640247
1.49;640269
1.59;640289
1.64;640311
1.74;640331
1.86;640353
1.92;640373
1.94;640395
1.97;640415
1.95;640437
1.75;640457
1.53;640479
1.47;640499
1.51;640521
1.54;640541
1.59;640563
1.63;640583
1.65;640605
1.70;640625
1.72;640647
1.66;640667
1.72;640689
1.70;640709
1.70;640730
1.77;640751
1.74;640772
1.79;640793
1.78;640814
1.85;640835
1.97;640856
1.84;640877
1.76;640898
1.72;640919
1.65;640940
1.60;640961
4.11;640982
1.86;641003
1.11;641024
1.56;641045
1.62;641065
1.71;641087
1.80;641107
1.90;641129
1.96;641149
1.99;641171
2.02;641191
1.99;641212
1.82;641233
1.55;641254
1.45;641275
1.52;641296
1.59;641317
1.61;641338
1.64;641359
1.69;641380
1.73;641401
1.74;641422
1.62;641443
1.72;641464
1.75;641485
1.75;641506
1.74;641527
1.72;641548
1.76;641569
1.81;641590
1.77;641611
1.77;641632
1.80;641653
1.87;641674
1.93;641695
1.97;641716
1.93;641737
1.90;641758
1.85;641778
1.73;641800
4.13;641820
1.95;641842
1.00;641862
1.41;641884
1.55;641904
1.70;641926
1.88;641946
2.03;641968
2.06;641988
2.08;642010
2.04;642030
1.94;642052
1.64;642072
1.39;642094
1.34;642114
1.51;642136
1.65;642156
1.80;642178
1.83;642198
1.79;642220
1.73;642240
1.64;642260
1.52;642282
1.43;642302
1.48;642324
1.61;642344
1.79;642366
1.96;642386
1.98;642408
1.94;642428
1.88;642450
1.79;642470
1.69;642492
1.64;642512
1.62;642534
1.70;642554
1.78;642576
1.85;642596
1.83;642618
1.77;642638
1.72;642660
1.48;642680
3.81;642702
2.36;642722
0.93;642744
1.45;642764
1.65;642785
1.74;642806
1.73;642827
1.81;642848
1.94;642869
2.02;642890
2.07;642911
2.06;642932
1.90;642953
1.71;642974
1.58;642995
1.59;643016
1.62;643037
1.72;643058
1.77;643079
1.76;643100
1.75;643121
1.74;643142
1.68;643163
1.69;643184
1.70;643205
1.67;643226
1.64;643247
1.62;643268
1.66;643289
1.73;643309
1.77;643331
1.84;643351
1.91;643373
1.90;643393
1.76;643415
1.64;643435
1.62;643457
1.61;643477
1.64;643499
1.68;643519
1.53;643540
3.87;643561
2.30;643582
1.02;643603
1.42;643624
1.45;643645
1.58;643666
1.72;643687
1.91;643708
2.06;643729
2.17;643750
2.14;643771
2.09;643792
1.88;643813
1.51;643833
1.34;643855
1.42;643875
1.58;643897
1.73;643917
1.80;643939
1.81;643959
1.78;643981
1.74;644001
1.58;644023
1.51;644043
1.52;644065
1.64;644085
1.76;644107
1.92;644127
1.96;644149
1.88;644169
1.85;644191
1.82;644211
1.72;644233
1.65;644253
1.63;644275
1.68;644295
1.78;644317
1.81;644337
1.72;644359
4.03;644379
1.96;644400
0.94;644421
1.40;644442
1.52;644463
1.63;644484
1.72;644505
1.82;644526
1.93;644547
2.03;644568
2.03;644589
2.00;644610
1.87;644631
1.68;644652
1.57;644673
1.57;644694
1.63;644715
1.70;644736
1.70;644757
1.72;644777
1.71;644799
1.71;644819
1.70;644841
1.73;644861
1.75;644882
1.76;644903
1.75;644924
1.76;644945
1.74;644966
1.73;644987
1.75;645008
1.78;645029
1.81;645050
1.77;645071
1.73;645092
1.70;645113
1.62;645134
1.78;645155
4.34;645176
1.63;645197
1.21;645218
1.62;645239
1.72;645260
1.74;645281
1.75;645302
1.81;645323
1.81;645344
1.83;645365
1.87;645386
1.93;645407
1.85;645428
1.71;645449
1.63;645470
1.62;645490
1.61;645512
1.59;645532
1.58;645554
1.50;645574
1.49;645596
1.58;645616
1.73;645638
1.85;645658
1.91;645680
1.90;645700
1.84;645722
1.78;645742
1.74;645764
1.69;645784
1.73;645806
1.78;645826
1.87;645848
1.81;645868
1.77;645890
1.81;645910
1.49;645932
2.86;645952
3.50;645974
0.95;645994
1.39;646014
1.63;646036
1.76;646056
1.79;646078
1.88;646098
1.97;646120
2.04;646140
2.06;646162
2.03;646182
1.95;646204
1.73;646224
1.55;646246
1.52;646266
1.54;646288
1.58;646308
1.65;646330
1.71;646350
1.77;646372
1.81;646392
1.79;646414
1.74;646434
1.71;646456
1.65;646476
1.63;646498
1.68;646518
1.74;646540
1.81;646560
1.82;646581
1.83;646602
1.78;646623
1.77;646644
1.72;646665
1.66;646686
1.53;646707
1.57;646728
1.71;646749
1.54;646770
2.81;646791
3.67;646812
1.06;646833
1.36;646854
1.52;646875
1.50;646896
1.50;646917
1.60;646938
1.77;646959
1.99;646980
2.15;647001
2.22;647022
2.08;647043
1.84;647064
1.60;647085
1.51;647106
1.52;647127
1.58;647147
1.66;647169
1.70;647189
1.78;647211
1.81;647231
1.84;647252
1.85;647273
1.83;647294
1.81;647315
1.79;647336
1.82;647357
1.84;647378
1.84;647399
1.83;647420
1.81;647441
1.84;647462
1.88;647483
1.84;647504
1.77;647525
1.77;647546
1.72;647567
1.59;647588
4.04;647609
2.12;647630
1.03;647651
1.52;647672
1.68;647693
1.77;647713
1.87;647735
1.97;647755
2.03;647777
2.10;647797
2.08;647819
2.04;647839
1.88;647861
1.65;647881
1.50;647903
1.48;647923
1.55;647945
1.59;647965
1.67;647987
1.72;648007
1.67;648029
1.67;648049
1.69;648071
1.72;648091
1.75;648113
1.75;648133
1.76;648155
1.79;648175
1.81;648197
1.84;648217
1.83;648239
1.84;648259
1.89;648280
1.93;648301
2.00;648322
1.92;648343
1.84;648364
1.80;648385
1.50;648406
2.43;648427
3.55;648448
0.91;648469
1.21;648489
1.49;648511
1.68;648531
1.82;648553
1.92;648573
1.95;648595
1.99;648615
1.98;648637
1.94;648657
1.82;648679
1.62;648699
1.45;648721
1.42;648741
1.51;648763
1.60;648783
1.69;648804
1.73;648825
1.78;648846
1.82;648867
1.84;648888
1.82;648909
1.84;648930
1.80;648951
1.80;648972
1.79;648993
1.76;649014
1.76;649035
1.79;649056
1.81;649077
1.72;649098
1.67;649119
1.67;649140
1.40;649161
3.16;649182
2.74;649203
0.86;649224
1.40;649245
1.65;649266
1.78;649287
1.84;649308
1.89;649328
1.95;649350
2.00;649370
2.00;649392
1.98;649412
1.87;649434
1.66;649454
1.52;649476
1.51;649496
1.55;649518
1.59;649538
1.62;649560
1.64;649580
1.67;649602
1.68;649622
1.67;649644
1.66;649664
1.66;649686
1.64;649706
1.69;649728
1.70;649748
1.78;649769
1.90;649790
1.84;649811
1.74;649832
1.72;649853
1.64;649874
1.83;649894
4.24;649916
1.51;649936
1.09;649958
1.55;649978
1.65;650000
1.71;650020
1.76;650042
1.85;650062
1.92;650084
1.99;650104
2.00;650126
1.98;650146
1.79;650168
1.59;650188
1.54;650210
1.55;650230
1.61;650252
1.66;650272
1.68;650294
1.74;650314
1.74;650336
1.70;650356
1.72;650378
1.73;650398
1.75;650420
1.77;650440
1.82;650461
1.86;650482
1.94;650503
2.06;650524
2.01;650545
1.97;650566
1.96;650587
1.92;650608
1.79;650629
4.07;650650
2.12;650671
1.25;650692
1.64;650713
1.74;650734
1.80;650755
1.85;650776
1.94;650797
1.98;650818
2.07;650839
2.08;650860
2.06;650881
1.84;650902
1.59;650923
1.48;650944
1.48;650964
1.48;650985
1.55;651006
1.62;651027
1.67;651048
1.69;651069
1.66;651090
1.64;651111
1.66;651132
1.68;651153
1.76;651174
1.80;651195
1.81;651216
1.79;651237
1.82;651258
1.73;651279
1.62;651300
1.51;651321
1.50;651342
1.27;651363
3.24;651384
2.71;651405
0.88;651426
1.40;651447
1.57;651468
1.62;651489
1.56;651510
1.58;651531
1.69;651551
1.90;651573
2.10;651593
2.14;651615
1.98;651635
1.67;651657
1.47;651677
1.39;651699
1.32;651719
1.27;651741
1.31;651761
1.45;651783
1.64;651803
1.81;651825
1.89;651845
1.88;651867
1.81;651887
1.76;651909
1.59;651929
1.46;651951
1.47;651971
1.61;651993
1.79;652013
1.96;652035
2.10;652055
2.05;652077
1.89;652097
1.76;652118
1.56;652139
1.36;652160
3.87;652181
1.67;652201
1.10;652223
1.71;652243
1.92;652265
1.99;652285
1.96;652307
1.93;652327
1.90;652349
1.83;652369
1.86;652391
1.92;652411
1.87;652433
1.72;652453
1.66;652475
1.65;652495
1.63;652517
1.65;652537
1.63;652559
1.63;652579
1.67;652601
1.68;652621
1.70;652643
1.72;652663
1.78;652684
1.82;652705
1.81;652726
1.77;652747
1.77;652768
1.73;652789
1.67;652810
1.60;652831
1.58;652852
1.56;652873
1.60;652894
1.67;652915
1.71;652936
1.81;652957
1.77;652978
1.69;652999
1.62;653020
1.43;653041
2.17;653062
3.96;653083
1.07;653104
1.26;653125
1.54;653146
1.67;653167
1.75;653188
1.73;653208
1.75;653230
1.84;653250
2.02;653272
2.05;653292
2.09;653314
1.96;653334
1.72;653356
1.56;653376
1.52;653398
1.47;653418
1.42;653440
1.47;653460
1.51;653481
1.63;653502
1.79;653523
1.89;653544
1.88;653565
1.81;653586
1.80;653607
1.68;653628
1.50;653649
1.43;653670
1.54;653691
1.75;653712
1.89;653733
1.97;653754
1.96;653774
1.90;653796
1.80;653816
1.68;653838
1.57;653858
1.49;653880
1.66;653900
1.80;653922
1.90;653942
1.93;653964
1.74;653984
3.92;654006
2.33;654026
0.89;654048
1.17;654068
1.30;654090
1.58;654110
1.76;654132
1.99;654152
2.15;654174
2.21;654194
2.17;654216
2.04;654236
1.79;654258
1.42;654278
1.27;654299
1.37;654320
1.63;654341
1.81;654362
1.91;654383
1.88;654404
1.79;654425
1.70;654446
1.54;654467
1.44;654488
1.48;654509
1.62;654530
1.82;654551
2.00;654572
2.04;654593
1.96;654614
1.87;654635
1.75;654656
1.66;654676
1.59;654698
1.62;654718
1.73;654740
1.74;654760
1.82;654782
1.89;654802
1.92;654824
1.91;654844
1.84;654865
1.78;654886
1.74;654907
1.66;654928
1.85;654949
4.09;654970
1.57;654991
1.15;655012
1.58;655033
1.70;655054
1.76;655075
1.85;655096
1.93;655117
2.00;655138
2.05;655159
2.05;655180
2.02;655201
1.87;655222
1.65;655243
1.54;655264
1.53;655285
1.57;655306
1.63;655327
1.68;655348
1.68;655369
1.70;655389
1.71;655411
1.74;655431
1.70;655453
1.67;655473
1.67;655495
1.69;655515
1.73;655537
1.75;655557
1.77;655579
1.77;655599
1.77;655621
1.77;655641
1.79;655663
1.80;655683
1.72;655705
1.68;655725
1.67;655747
1.42;655767
2.61;655789
3.50;655809
0.98;655831
1.29;655851
1.59;655873
1.70;655893
1.76;655913
1.83;655935
1.92;655955
1.98;655977
2.00;655997
1.99;656019
1.91;656039
1.73;656061
1.58;656081
1.54;656103
1.59;656123
1.62;656145
1.67;656165
1.70;656187
1.73;656207
1.75;656229
1.73;656249
1.75;656271
1.78;656291
1.77;656313
1.76;656333
1.77;656355
1.78;656375
1.79;656396
1.84;656417
1.85;656438
1.87;656459
1.90;656480
1.83;656501
1.76;656522
1.69;656543
1.57;656564
1.87;656585
4.20;656606
1.37;656627
1.05;656648
1.46;656669
1.60;656690
1.71;656711
1.78;656732
1.87;656753
1.95;656774
2.02;656795
2.05;656816
1.99;656837
1.77;656858
1.57;656878
1.52;656900
1.55;656920
1.59;656942
1.68;656962
1.72;656984
1.74;657004
1.77;657026
1.78;657046
1.78;657068
1.78;657088
1.77;657110
1.75;657130
1.74;657152
1.75;657172
1.77;657193
1.76;657214
1.74;657235
1.74;657256
1.76;657277
1.79;657298
1.84;657319
1.77;657340
1.73;657361
1.72;657382
1.47;657402
2.70;657424
3.62;657444
0.92;657466
1.30;657486
1.55;657508
1.65;657528
1.71;657550
1.82;657570
1.91;657592
1.96;657612
2.02;657634
2.05;657654
1.98;657676
1.76;657696
1.60;657718
1.58;657738
1.62;657760
1.66;657780
1.74;657802
1.79;657822
1.84;657844
1.83;657864
1.79;657885
1.79;657906
1.76;657927
1.77;657948
1.77;657969
1.78;657990
1.77;658011
1.77;658032
1.77;658053
1.75;658074
1.75;658095
1.75;658116
1.76;658137
1.75;658158
1.78;658179
1.78;658200
1.80;658221
1.75;658242
1.74;658263
1.70;658284
1.42;658305
2.91;658326
3.38;658347
0.91;658368
1.36;658388
1.52;658409
1.60;658430
1.71;658451
1.79;658472
1.85;658493
1.95;658514
2.01;658535
2.02;658556
1.96;658577
1.73;658598
1.56;658619
1.51;658640
1.56;658661
1.60;658682
1.65;658703
1.69;658724
1.73;658745
1.73;658766
1.74;658787
1.78;658808
1.83;658829
1.90;658850
1.91;658871
1.87;658892
1.82;658913
1.76;658933
1.71;658955
1.67;658975
1.67;658997
1.69;659017
1.74;659039
1.80;659059
1.81;659081
1.81;659101
1.81;659123
1.74;659143
1.60;659165
1.59;659185
1.61;659207
1.74;659227
4.35;659249
1.87;659269
1.20;659291
1.57;659311
1.65;659333
1.63;659353
1.60;659375
1.66;659395
1.81;659417
2.02;659437
2.17;659458
2.20;659479
2.01;659500
1.69;659521
1.49;659542
1.40;659563
1.44;659584
1.49;659605
1.56;659625
1.61;659647
1.67;659667
1.74;659689
1.74;659709
1.74;659731
1.73;659751
1.71;659773
1.71;659793
1.72;659815
1.74;659835
1.76;659857
1.79;659877
1.81;659899
1.82;659919
1.80;659941
1.83;659961
1.85;659983
1.87;660003
1.81;660024
1.83;660045
1.81;660066
1.58;660087
3.86;660108
2.41;660129
1.12;660150
1.59;660171
1.74;660192
1.84;660213
1.90;660234
1.97;660255
2.04;660276
2.16;660297
2.13;660318
2.10;660339
1.96;660360
1.70;660381
1.57;660402
1.51;660423
1.55;660444
1.59;660465
1.66;660486
1.69;660507
1.77;660528
1.75;660548
1.68;660570
1.69;660590
1.72;660612
1.68;660632
1.68;660654
1.73;660674
1.74;660696
1.75;660716
1.74;660738
1.74;660758
1.78;660780
1.80;660800
1.74;660822
1.69;660842
1.67;660864
1.43;660884
3.55;660905
2.49;660926
0.97;660947
1.48;660968
1.61;660989
1.67;661010
1.70;661031
1.74;661052
1.84;661073
1.96;661094
2.05;661114
2.06;661136
1.91;661156
1.65;661178
1.46;661198
1.38;661220
1.33;661240
1.36;661262
1.47;661282
1.60;661304
1.74;661324
1.80;661346
1.81;661366
1.78;661388
1.71;661408
1.64;661430
1.52;661450
1.45;661472
1.52;661492
1.71;661514
1.91;661534
1.99;661556
1.96;661576
1.85;661598
1.72;661618
1.67;661640
3.92;661660
1.37;661681
0.86;661702
1.43;661723
1.73;661744
1.93;661765
2.03;661786
2.05;661807
2.05;661828
2.02;661849
1.91;661870
1.73;661891
1.57;661912
1.45;661933
1.51;661954
1.64;661975
1.73;661996
1.75;662017
1.74;662038
1.70;662059
1.62;662080
1.59;662100
1.70;662122
1.82;662142
1.93;662163
1.96;662184
1.94;662205
1.89;662226
1.80;662247
1.71;662268
1.60;662289
1.59;662310
1.67;662331
1.83;662352
1.88;662373
1.90;662394
1.89;662415
1.55;662436
2.91;662457
3.25;662478
0.75;662499
1.18;662520
1.49;662541
1.73;662562
1.90;662583
2.02;662604
2.10;662625
2.13;662646
2.10;662667
1.97;662687
1.76;662709
1.52;662729
1.44;662751
1.54;662771
1.72;662793
1.77;662813
1.79;662835
1.75;662855
1.69;662877
1.59;662897
1.54;662919
1.60;662939
1.68;662961
1.82;662981
1.88;663003
1.86;663023
1.83;663045
1.76;663065
1.69;663087
1.62;663107
1.61;663129
1.70;663149
1.80;663171
1.89;663191
1.91;663213
1.93;663233
1.89;663254
1.83;663275
1.63;663296
1.58;663317
1.63;663337
1.46;663359
2.99;663379
3.44;663401
1.06;663421
1.49;663443
1.59;663463
1.58;663485
1.63;663505
1.75;663527
1.90;663547
2.07;663569
2.17;663589
2.18;663611
2.06;663631
1.77;663653
1.49;663673
1.35;663695
1.35;663715
1.47;663737
1.65;663757
1.83;663778
1.88;663799
1.85;663820
1.82;663841
1.74;663862
1.65;663883
1.59;663904
1.62;663925
1.70;663946
1.79;663967
1.88;663988
1.90;664009
1.89;664030
1.84;664051
1.74;664072
1.64;664093
1.60;664114
1.67;664135
1.79;664156
1.91;664177
1.98;664198
2.02;664219
1.90;664240
1.80;664261
1.69;664282
1.33;664302
2.93;664324
3.06;664344
0.97;664366
1.56;664386
1.78;664408
1.84;664428
1.84;664450
1.84;664470
1.82;664492
1.82;664512
1.88;664534
1.98;664554
2.04;664576
1.85;664596
1.69;664617
1.61;664638
1.58;664659
1.55;664680
1.50;664701
1.48;664722
1.57;664743
1.72;664764
1.84;664785
1.90;664806
1.90;664827
1.86;664848
1.80;664868
1.72;664890
1.58;664910
1.57;664932
1.65;664952
1.79;664974
1.91;664994
1.94;665016
1.90;665036
1.85;665058
1.77;665078
1.71;665100
1.66;665120
1.58;665142
1.67;665162
1.78;665184
1.59;665204
3.05;665226
3.39;665246
0.99;665268
1.34;665288
1.47;665310
1.48;665330
1.56;665352
1.74;665372
1.97;665394
2.16;665414
2.25;665435
2.20;665456
2.03;665477
1.70;665498
1.41;665519
1.27;665540
1.30;665561
1.43;665582
1.62;665603
1.79;665624
1.85;665645
1.84;665666
1.77;665687
1.69;665708
1.55;665729
1.46;665750
1.52;665771
1.66;665792
1.80;665812
1.91;665834
1.92;665854
1.88;665876
1.81;665896
1.67;665918
1.55;665938
1.51;665959
1.59;665980
1.73;666001
1.87;666022
1.97;666043
2.01;666064
1.90;666085
1.77;666106
1.63;666127
1.40;666148
1.56;666169
4.02;666190
1.45;666211
1.23;666232
1.65;666253
1.78;666274
1.80;666295
1.78;666316
1.75;666337
1.77;666358
1.87;666379
2.00;666400
2.08;666421
1.95;666441
1.73;666463
1.61;666483
1.54;666505
1.50;666525
1.47;666547
1.48;666567
1.56;666589
1.67;666609
1.77;666631
1.84;666651
1.84;666673
1.82;666693
1.79;666715
1.73;666735
1.68;666757
1.68;666777
1.70;666799
1.73;666819
1.77;666841
1.79;666861
1.83;666883
1.83;666903
1.81;666925
1.80;666945
1.81;666966
1.83;666987
1.86;667008
1.93;667029
1.85;667049
1.85;667071
1.87;667091
1.57;667113
3.27;667133
3.07;667155
0.92;667175
1.37;667197
1.57;667217
1.73;667239
1.85;667259
1.96;667281
2.04;667301
2.10;667323
2.10;667343
2.05;667365
1.91;667385
1.64;667407
1.49;667427
1.51;667449
1.60;667469
1.67;667490
1.70;667511
1.72;667532
1.69;667553
1.65;667574
1.65;667595
1.71;667616
1.77;667637
1.82;667658
1.86;667679
1.85;667700
1.81;667721
1.77;667742
1.70;667763
1.69;667784
1.69;667805
1.77;667826
1.87;667847
1.91;667868
1.90;667889
1.85;667910
1.81;667931
1.77;667952
1.74;667973
1.69;667994
1.69;668015
1.72;668036
1.69;668056
2.06;668078
4.31;668098
1.52;668120
1.19;668140
1.45;668162
1.50;668182
1.59;668204
1.72;668224
1.90;668246
2.03;668266
2.16;668288
2.16;668308
2.09;668329
1.86;668350
1.53;668371
1.34;668392
1.37;668413
1.48;668434
1.63;668455
1.75;668476
1.82;668497
1.82;668518
1.78;668538
1.73;668560
1.64;668580
1.58;668602
1.62;668622
1.74;668644
1.81;668664
1.86;668686
1.86;668706
1.83;668728
1.77;668748
1.69;668770
1.60;668790
1.59;668812
1.66;668832
1.75;668854
1.87;668874
1.97;668896
1.91;668916
1.78;668938
1.69;668958
1.50;668980
1.81;669000
3.88;669022
1.24;669042
1.14;669064
1.60;669084
1.79;669105
1.86;669126
1.87;669147
1.88;669168
1.88;669189
1.85;669210
1.84;669231
1.92;669252
1.85;669273
1.71;669294
1.62;669315
1.60;669336
1.61;669357
1.58;669378
1.56;669399
1.56;669420
1.59;669441
1.62;669462
1.68;669483
1.74;669504
1.79;669524
1.79;669546
1.76;669566
1.74;669588
1.72;669608
1.73;669629
1.74;669650
1.76;669671
1.77;669692
1.77;669713
1.82;669734
1.88;669755
1.81;669776
1.77;669797
1.76;669818
1.57;669839
2.21;669860
4.05;669881
1.20;669902
1.28;669923
1.57;669944
1.68;669965
1.74;669986
1.81;670007
1.91;670028
2.02;670049
2.10;670070
2.12;670091
2.06;670112
1.84;670133
1.60;670153
1.52;670175
1.52;670195
1.56;670217
1.63;670237
1.64;670259
1.67;670279
1.70;670301
1.71;670321
1.72;670343
1.72;670363
1.69;670385
1.68;670405
1.69;670427
1.72;670447
1.73;670469
1.75;670489
1.75;670511
1.77;670531
1.77;670553
1.85;670573
1.78;670595
1.74;670615
1.73;670637
1.45;670657
3.04;670679
3.08;670699
0.89;670721
1.37;670741
1.55;670761
1.66;670783
1.75;670803
1.80;670825
1.91;670845
2.00;670867
2.06;670887
2.05;670909
1.96;670929
1.72;670951
1.52;670971
1.52;670993
1.56;671013
1.65;671035
1.66;671055
1.73;671077
1.75;671097
1.79;671119
1.78;671139
1.80;671161
1.76;671181
1.78;671203
1.78;671223
1.80;671245
1.81;671265
1.79;671286
1.78;671307
1.77;671328
1.77;671349
1.76;671370
1.76;671391
1.82;671412
1.75;671433
1.74;671454
1.71;671475
1.54;671496
2.21;671517
3.79;671538
1.10;671559
1.22;671580
1.54;671601
1.67;671622
1.77;671643
1.80;671664
1.88;671685
1.96;671706
2.01;671727
2.02;671748
1.99;671769
1.81;671790
1.55;671811
1.45;671832
1.46;671852
1.52;671874
1.57;671894
1.64;671916
1.66;671936
1.69;671958
1.72;671978
1.74;672000
1.74;672020
1.72;672041
1.74;672062
1.78;672083
1.75;672104
1.75;672125
1.74;672146
1.77;672167
1.80;672188
1.84;672209
1.78;672230
1.73;672251
1.71;672272
1.61;672293
1.79;672314
4.13;672335
1.49;672356
1.08;672377
1.50;672398
1.63;672418
1.72;672440
1.79;672460
1.89;672482
1.96;672502
2.01;672524
2.04;672544
2.02;672566
1.80;672586
1.58;672608
1.47;672628
1.46;672650
1.51;672670
1.55;672692
1.60;672712
1.63;672734
1.67;672754
1.68;672776
1.70;672796
1.71;672818
1.72;672838
1.73;672860
1.74;672880
1.77;672901
1.77;672922
1.75;672943
1.78;672964
1.75;672985
1.75;673006
1.79;673027
1.81;673048
1.84;673069
1.77;673090
1.74;673111
1.74;673132
1.48;673153
3.31;673174
2.90;673195
0.92;673216
1.42;673236
1.60;673258
1.73;673278
1.77;673300
1.85;673320
1.92;673342
2.02;673362
2.09;673384
2.09;673404
1.97;673425
1.72;673446
1.55;673467
1.54;673488
1.60;673509
1.65;673530
1.67;673551
1.69;673572
1.71;673593
1.68;673614
1.67;673635
1.67;673656
1.71;673677
1.74;673698
1.79;673719
1.78;673740
1.74;673761
1.72;673782
1.70;673803
1.67;673824
1.63;673845
1.65;673866
1.70;673887
1.79;673908
1.88;673929
1.88;673950
1.89;673971
1.76;673991
1.67;674013
1.60;674033
1.28;674055
2.76;674075
3.16;674097
0.95;674117
1.47;674139
1.69;674159
1.73;674181
1.75;674201
1.77;674223
1.78;674243
1.79;674265
1.88;674285
1.96;674307
1.96;674327
1.78;674349
1.58;674369
1.49;674391
1.45;674411
1.47;674433
1.48;674453
1.46;674475
1.50;674495
1.62;674515
1.74;674537
1.83;674557
1.83;674579
1.78;674599
1.74;674621
1.70;674641
1.64;674663
1.60;674683
1.64;674705
1.73;674725
1.84;674747
1.93;674767
1.94;674789
1.92;674809
1.95;674831
1.88;674851
1.70;674873
1.59;674893
1.54;674915
1.65;674935
4.13;674957
1.84;674977
1.22;674999
1.63;675019
1.70;675041
1.70;675061
1.66;675082
1.70;675103
1.83;675124
2.03;675145
2.14;675166
2.17;675187
2.01;675208
1.71;675229
1.51;675250
1.44;675271
1.35;675292
1.36;675313
1.48;675334
1.65;675355
1.77;675376
1.83;675397
1.82;675418
1.77;675439
1.71;675460
1.62;675481
1.53;675502
1.53;675523
1.65;675544
1.76;675565
1.86;675586
1.90;675606
1.88;675628
1.83;675648
1.76;675670
1.68;675690
1.60;675712
1.64;675732
1.69;675753
1.77;675774
1.82;675795
1.65;675816
3.95;675837
2.25;675858
0.94;675879
1.29;675900
1.37;675921
1.51;675942
1.72;675963
1.91;675984
2.10;676005
2.19;676026
2.17;676047
2.09;676068
1.87;676089
1.54;676110
1.33;676130
1.36;676152
1.47;676172
1.58;676194
1.68;676214
1.74;676236
1.74;676256
1.73;676278
1.67;676298
1.65;676320
1.67;676340
1.74;676362
1.82;676382
1.84;676404
1.85;676424
1.84;676446
1.81;676466
1.76;676488
1.72;676508
1.71;676530
1.79;676550
1.85;676572
1.94;676592
1.97;676614
1.98;676634
1.87;676656
1.74;676676
1.64;676698
1.42;676718
2.13;676739
3.90;676760
1.21;676781
1.38;676802
1.66;676823
1.74;676844
1.74;676865
1.77;676886
1.76;676907
1.81;676928
1.92;676948
2.01;676970
2.05;676990
1.89;677012
1.66;677032
1.49;677054
1.42;677074
1.40;677096
1.39;677116
1.42;677138
1.54;677158
1.66;677180
1.76;677200
1.82;677222
1.78;677242
1.73;677263
1.69;677284
1.62;677305
1.62;677326
1.58;677347
1.64;677368
1.69;677389
1.75;677410
1.81;677431
1.82;677452
1.79;677473
1.78;677494
1.82;677515
1.74;677536
1.72;677557
1.74;677578
1.49;677599
2.90;677620
3.43;677641
0.94;677662
1.35;677683
1.53;677704
1.63;677725
1.70;677746
1.78;677767
1.88;677788
1.96;677809
2.03;677829
2.03;677851
1.95;677871
1.70;677893
1.51;677913
1.48;677935
1.51;677955
1.58;677977
1.63;677997
1.68;678019
1.72;678039
1.72;678061
1.78;678081
1.76;678103
1.75;678123
1.76;678145
1.78;678165
1.79;678187
1.81;678207
1.82;678228
1.84;678249
1.84;678270
1.83;678291
1.82;678312
1.85;678333
1.84;678353
1.80;678375
1.80;678395
1.81;678417
1.84;678437
1.87;678459
1.80;678479
1.78;678501
1.73;678521
1.48;678543
2.70;678563
3.61;678585
0.96;678605
1.31;678627
1.52;678647
1.63;678669
1.70;678689
1.77;678711
1.87;678731
1.94;678753
1.99;678773
2.00;678795
1.96;678815
1.74;678837
1.51;678857
1.43;678878
1.45;678899
1.52;678920
1.56;678941
1.59;678962
1.64;678983
1.66;679004
1.67;679025
1.68;679046
1.66;679067
1.67;679088
1.68;679109
1.69;679130
1.67;679151
1.67;679172
1.67;679193
1.66;679214
1.67;679235
1.68;679256
1.70;679277
1.74;679298
1.75;679319
1.76;679340
1.83;679361
1.80;679382
1.75;679403
1.74;679424
1.46;679444
2.87;679465
3.26;679486
0.92;679507
1.36;679528
1.56;679549
1.67;679570
1.76;679591
1.84;679612
1.89;679633
1.96;679654
2.03;679675
2.03;679696
1.94;679717
1.73;679738
1.53;679759
1.47;679780
1.50;679801
1.56;679822
1.62;679843
1.66;679864
1.70;679885
1.72;679906
1.72;679927
1.72;679948
1.72;679969
1.73;679990
1.74;680010
1.74;680032
1.74;680052
1.74;680074
1.74;680094
1.74;680116
1.77;680136
1.76;680158
1.75;680178
1.74;680200
1.76;680220
1.81;680242
1.84;680262
1.81;680284
1.75;680304
1.74;680326
1.64;680346
1.89;680368
4.23;680388
1.45;680410
1.19;680430
1.50;680452
1.63;680472
1.70;680494
1.78;680514
1.87;680536
1.96;680556
2.04;680577
2.09;680598
2.04;680619
1.86;680640
1.63;680660
1.49;680682
1.49;680702
1.53;680724
1.60;680744
1.65;680766
1.68;680786
1.71;680808
1.72;680828
1.73;680850
1.73;680870
1.75;680892
1.75;680912
1.77;680934
1.76;680954
1.78;680976
1.79;680996
1.78;681018
1.79;681038
1.82;681060
1.86;681080
1.87;681102
1.87;681122
1.82;681143
1.80;681164
1.76;681185
1.67;681206
4.13;681227
1.90;681248
1.09;681269
1.52;681290
1.66;681311
1.73;681332
1.79;681353
1.86;681374
1.94;681395
2.02;681416
2.06;681437
2.02;681458
1.88;681479
1.61;681500
1.48;681521
1.49;681542
1.54;681563
1.58;681584
1.64;681605
1.68;681626
1.72;681647
1.74;681667
1.74;681689
1.75;681709
1.75;681731
1.76;681751
1.76;681773
1.77;681793
1.78;681815
1.78;681835
1.82;681857
1.86;681877
1.78;681899
1.74;681919
1.69;681940
1.59;681961
1.89;681982
4.13;682003
1.36;682024
1.15;682045
1.50;682066
1.62;682087
1.71;682108
1.77;682129
1.87;682150
1.96;682171
2.04;682192
2.07;682213
2.04;682233
1.87;682255
1.64;682275
1.54;682297
1.57;682317
1.59;682339
1.61;682359
1.71;682381
1.67;682401
1.72;682423
1.74;682443
1.76;682465
1.75;682485
1.71;682507
1.72;682527
1.75;682549
1.78;682569
1.78;682591
1.76;682611
1.77;682633
1.78;682653
1.76;682675
1.75;682695
1.81;682717
1.84;682737
1.77;682759
1.72;682779
1.73;682800
1.55;682821
3.83;682842
2.21;682863
0.92;682884
1.49;682905
1.64;682926
1.72;682947
1.75;682968
1.85;682989
1.95;683010
2.03;683031
2.04;683052
2.04;683073
1.93;683094
1.74;683115
1.49;683136
1.48;683157
1.55;683177
1.59;683199
1.67;683219
1.70;683241
1.68;683261
1.69;683283
1.67;683303
1.70;683324
1.72;683345
1.74;683366
1.72;683387
1.70;683408
1.78;683429
1.75;683450
1.75;683471
1.74;683492
1.76;683513
1.75;683534
1.78;683555
1.82;683576
1.78;683597
1.68;683618
1.68;683639
1.52;683660
3.97;683681
2.20;683702
0.98;683723
1.47;683744
1.62;683765
1.73;683786
1.80;683807
1.88;683828
1.97;683849
2.09;683870
2.12;683890
1.99;683912
1.90;683932
1.69;683954
1.58;683974
1.58;683996
1.59;684016
1.63;684038
1.66;684058
1.72;684080
1.74;684100
1.75;684122
1.76;684142
1.75;684164
1.75;684184
1.71;684206
1.74;684226
1.74;684248
1.76;684268
1.74;684290
1.74;684310
1.74;684332
1.76;684352
1.77;684374
1.82;684394
1.88;684416
1.87;684436
1.79;684456
1.74;684478
1.63;684498
1.55;684520
4.02;684540
2.02;684562
1.04;684582
1.47;684604
1.62;684624
1.66;684646
1.76;684666
1.86;684688
1.95;684708
2.02;684730
2.11;684750
2.08;684772
1.96;684792
1.73;684814
1.59;684834
1.57;684856
1.62;684876
1.63;684898
1.66;684918
1.69;684940
1.70;684960
1.69;684982
1.70;685002
1.74;685023
1.73;685044
1.72;685065
1.71;685086
1.72;685107
1.71;685128
1.71;685149
1.69;685170
1.71;685191
1.72;685212
1.77;685233
1.82;685254
1.74;685275
1.69;685296
1.67;685317
1.48;685338
2.38;685359
3.64;685380
0.98;685401
1.29;685422
1.50;685443
1.61;685464
1.69;685485
1.78;685506
1.86;685527
1.96;685548
2.04;685569
2.06;685589
2.00;685611
1.79;685631
1.56;685652
1.51;685673
1.50;685694
1.55;685715
1.65;685736
1.63;685757
1.69;685778
1.70;685799
1.70;685820
1.72;685841
1.73;685862
1.73;685883
1.74;685904
1.75;685925
1.77;685946
1.77;685967
1.85;685988
1.85;686009
1.74;686030
1.78;686051
1.87;686072
1.88;686093
1.74;686114
1.70;686135
1.71;686156
1.84;686177
4.04;686197
1.54;686219
1.11;686239
1.58;686261
1.66;686281
1.75;686303
1.86;686323
1.95;686345
1.93;686365
2.01;686387
2.04;686407
2.05;686429
1.89;686449
1.69;686471
1.56;686491
1.56;686513
1.63;686533
1.67;686555
1.72;686575
1.77;686597
1.77;686617
1.80;686639
1.77;686659
1.79;686681
1.76;686701
1.77;686722
1.80;686743
1.82;686764
1.81;686785
1.80;686806
1.78;686827
1.79;686848
1.79;686869
1.82;686889
1.84;686911
1.88;686931
1.79;686953
1.75;686973
1.72;686995
1.45;687015
3.55;687037
2.49;687057
0.93;687079
1.43;687099
1.60;687121
1.68;687141
1.77;687163
1.82;687183
1.88;687205
1.94;687225
1.98;687246
1.97;687267
1.87;687288
1.66;687309
1.50;687330
1.45;687351
1.46;687372
1.54;687393
1.59;687414
1.65;687435
1.67;687456
1.66;687477
1.65;687498
1.66;687519
1.67;687540
1.68;687561
1.70;687582
1.73;687603
1.71;687624
1.71;687645
1.74;687666
1.72;687687
1.74;687708
1.78;687729
1.84;687750
1.87;687771
1.95;687792
1.88;687813
1.83;687834
1.76;687854
1.44;687876
2.97;687896
2.89;687918
0.79;687938
1.33;687960
1.61;687980
1.77;688002
1.84;688022
1.88;688044
1.95;688064
1.94;688086
1.83;688106
1.77;688128
